2.012000000000
0.847000000000
1.025000000000
0.872000000000
0.871000000000
0.876000000000
0.913000000000
0.954000000000
0.907000000000
0.974000000000
0.894000000000
1.032000000000
0.957000000000
0.993000000000
0.991000000000
1.023000000000
1.070000000000
0.982000000000
0.987000000000
1.037000000000
1.001000000000
1.020000000000
1.114000000000
1.048000000000
1.215000000000
1.236000000000
1.108000000000
1.213000000000
1.172000000000
1.300000000000
1.152000000000
1.262000000000
1.197000000000
1.317000000000
1.234000000000
1.221000000000
1.267000000000
1.270000000000
1.311000000000
1.347000000000
1.384000000000
1.490000000000
1.316000000000
1.393000000000
1.361000000000
1.430000000000
1.383000000000
1.436000000000
1.489000000000
1.392000000000
1.466000000000
1.476000000000
1.440000000000
1.491000000000
1.536000000000
1.530000000000
1.536000000000
1.530000000000
1.586000000000
1.541000000000
1.565000000000
1.604000000000
1.646000000000
1.656000000000
1.716000000000
1.682000000000
1.708000000000
1.699000000000
1.702000000000
1.743000000000
1.763000000000
1.985000000000
1.920000000000
1.765000000000
1.724000000000
1.830000000000
1.775000000000
1.968000000000
1.849000000000
1.775000000000
1.813000000000
1.871000000000
1.834000000000
1.874000000000
1.973000000000
1.840000000000
1.970000000000
1.818000000000
2.065000000000
1.850000000000
1.875000000000
2.000000000000
2.087000000000
1.927000000000
2.019000000000
1.939000000000
1.950000000000
2.018000000000
2.104000000000
1.993000000000
2.407000000000
2.070000000000
2.053000000000
2.022000000000
2.104000000000
2.024000000000
2.041000000000
2.132000000000
2.064000000000
2.042000000000
2.103000000000
2.107000000000
2.192000000000
2.086000000000
2.177000000000
2.298000000000
2.173000000000
2.214000000000
2.292000000000
2.219000000000
2.262000000000
2.234000000000
2.161000000000
2.287000000000
2.163000000000
2.317000000000
2.174000000000
2.228000000000
2.200000000000
2.298000000000
2.239000000000
2.418000000000
2.242000000000
2.300000000000
2.159000000000
2.189000000000
2.313000000000
2.240000000000
2.187000000000
2.289000000000
2.237000000000
2.222000000000
2.278000000000
2.439000000000
2.457000000000
2.271000000000
2.538000000000
2.280000000000
2.258000000000
2.307000000000
2.261000000000
2.252000000000
2.390000000000
2.312000000000
2.466000000000
2.303000000000
2.257000000000
2.391000000000
2.290000000000
2.353000000000
2.289000000000
2.356000000000
2.364000000000
2.313000000000
2.288000000000
2.292000000000
2.359000000000
2.366000000000
2.432000000000
2.525000000000
2.442000000000
2.506000000000
2.378000000000
2.368000000000
2.317000000000
2.341000000000
2.402000000000
2.431000000000
2.331000000000
2.343000000000
2.382000000000
2.466000000000
2.413000000000
2.425000000000
2.428000000000
2.527000000000
2.331000000000
2.361000000000
2.403000000000
2.442000000000
2.535000000000
2.565000000000
2.460000000000
2.473000000000
2.390000000000
2.338000000000
2.346000000000
2.483000000000
2.375000000000
2.388000000000
2.497000000000
2.494000000000
2.429000000000
2.358000000000
2.673000000000
2.585000000000
2.484000000000
2.508000000000
2.599000000000
2.628000000000
2.580000000000
2.577000000000
2.578000000000
2.553000000000
2.523000000000
2.593000000000
2.624000000000
2.796000000000
2.760000000000
2.686000000000
2.654000000000
2.604000000000
2.728000000000
2.645000000000
2.694000000000
2.618000000000
2.690000000000
2.625000000000
2.680000000000
2.737000000000
2.619000000000
2.723000000000
2.592000000000
2.785000000000
2.763000000000
2.608000000000
2.656000000000
2.647000000000
2.647000000000
2.622000000000
2.707000000000
2.655000000000
2.702000000000
2.774000000000
2.609000000000
2.722000000000
2.570000000000
2.562000000000
2.715000000000
2.730000000000
2.751000000000
2.823000000000
2.622000000000
2.590000000000
2.602000000000
2.673000000000
2.585000000000
2.620000000000
2.573000000000
2.564000000000
2.621000000000
2.653000000000
2.645000000000
2.659000000000
2.726000000000
2.516000000000
2.691000000000
2.681000000000
2.617000000000
2.579000000000
2.593000000000
2.626000000000
2.638000000000
2.701000000000
2.635000000000
2.591000000000
2.664000000000
2.643000000000
2.769000000000
2.742000000000
2.705000000000
2.675000000000
2.757000000000
2.662000000000
2.676000000000
2.575000000000
2.705000000000
2.512000000000
2.703000000000
2.599000000000
2.534000000000
2.715000000000
2.653000000000
2.919000000000
2.667000000000
2.790000000000
2.592000000000
2.679000000000
2.586000000000
2.828000000000
2.718000000000
2.623000000000
2.642000000000
2.620000000000
2.604000000000
2.578000000000
2.563000000000
2.571000000000
2.663000000000
2.593000000000
2.567000000000
2.628000000000
2.680000000000
2.600000000000
2.635000000000
2.626000000000
2.641000000000
2.676000000000
2.575000000000
2.684000000000
2.605000000000
2.602000000000
2.647000000000
2.701000000000
2.669000000000
2.567000000000
2.825000000000
2.644000000000
2.646000000000
2.704000000000
2.603000000000
2.629000000000
2.714000000000
2.574000000000
2.727000000000
2.839000000000
2.725000000000
2.741000000000
2.583000000000
2.714000000000
2.643000000000
2.752000000000
2.594000000000
2.550000000000
2.706000000000
2.809000000000
2.632000000000
2.633000000000
2.656000000000
2.755000000000
2.701000000000
2.616000000000
2.586000000000
2.670000000000
2.622000000000
2.531000000000
2.597000000000
2.579000000000
2.643000000000
2.680000000000
2.706000000000
2.933000000000
2.573000000000
2.627000000000
2.669000000000
2.533000000000
2.679000000000
2.641000000000
2.679000000000
2.757000000000
2.677000000000
2.599000000000
2.605000000000
2.629000000000
2.638000000000
2.583000000000
2.806000000000
2.547000000000
2.561000000000
2.629000000000
2.478000000000
2.580000000000
2.601000000000
2.678000000000
2.693000000000
2.786000000000
2.748000000000
2.541000000000
2.608000000000
2.645000000000
2.607000000000
2.539000000000
2.576000000000
2.636000000000
2.680000000000
2.543000000000
2.589000000000
2.551000000000
2.544000000000
2.618000000000
2.545000000000
2.772000000000
2.637000000000
2.686000000000
2.665000000000
2.587000000000
2.727000000000
2.693000000000
2.647000000000
2.656000000000
2.606000000000
2.713000000000
2.611000000000
2.596000000000
2.619000000000
2.626000000000
2.704000000000
2.543000000000
2.700000000000
2.696000000000
2.550000000000
2.618000000000
2.579000000000
2.601000000000
2.699000000000
2.688000000000
2.626000000000
2.739000000000
2.784000000000
2.736000000000
2.665000000000
2.616000000000
2.605000000000
2.567000000000
2.764000000000
2.620000000000
2.705000000000
2.695000000000
2.723000000000
2.636000000000
2.651000000000
4.857000000000
2.639000000000
2.653000000000
2.657000000000
2.730000000000
2.747000000000
2.568000000000
2.737000000000
2.577000000000
2.660000000000
2.629000000000
2.679000000000
2.627000000000
2.637000000000
2.743000000000
2.667000000000
2.728000000000
2.606000000000
2.819000000000
2.716000000000
2.665000000000
2.531000000000
2.802000000000
2.728000000000
2.660000000000
2.556000000000
2.635000000000
2.629000000000
2.662000000000
2.769000000000
2.595000000000
2.611000000000
2.591000000000
2.677000000000
2.630000000000
2.807000000000
2.662000000000
2.730000000000
2.692000000000
2.651000000000
2.586000000000
2.612000000000
2.707000000000
2.857000000000
2.629000000000
2.641000000000
2.671000000000
2.625000000000
2.703000000000
2.643000000000
2.642000000000
2.611000000000
2.543000000000
2.728000000000
2.655000000000
2.722000000000
2.575000000000
2.807000000000
2.595000000000
2.629000000000
2.612000000000
2.625000000000
2.746000000000
2.659000000000
2.643000000000
2.747000000000
2.734000000000
2.806000000000
2.724000000000
2.540000000000
2.545000000000
2.590000000000
2.661000000000
2.572000000000
2.689000000000
2.550000000000
2.643000000000
2.602000000000
2.704000000000
2.784000000000
2.713000000000
2.644000000000
2.590000000000
2.581000000000
2.642000000000
2.662000000000
2.552000000000
2.709000000000
2.881000000000
2.767000000000
2.739000000000
2.782000000000
2.603000000000
2.757000000000
2.543000000000
2.743000000000
2.700000000000
2.678000000000
2.790000000000
2.574000000000
2.541000000000
2.529000000000
2.532000000000
2.603000000000
2.542000000000
2.548000000000
2.485000000000
2.701000000000
3.002000000000
2.796000000000
2.851000000000
2.729000000000
2.758000000000
2.773000000000
2.759000000000
2.563000000000
2.610000000000
2.855000000000
2.833000000000
2.757000000000
2.699000000000
2.740000000000
2.967000000000
2.796000000000
2.862000000000
2.719000000000
2.752000000000
2.823000000000
2.872000000000
2.726000000000
2.906000000000
2.911000000000
2.839000000000
2.796000000000
2.756000000000
2.885000000000
2.892000000000
2.709000000000
2.802000000000
2.782000000000
2.767000000000
3.036000000000
2.508000000000
2.775000000000
2.774000000000
2.928000000000
2.807000000000
2.755000000000
2.856000000000
2.702000000000
2.752000000000
2.734000000000
2.738000000000
2.703000000000
2.730000000000
2.746000000000
2.996000000000
2.910000000000
2.676000000000
2.669000000000
2.841000000000
2.729000000000
2.942000000000
2.723000000000
2.893000000000
2.763000000000
2.777000000000
2.831000000000
2.857000000000
2.911000000000
2.796000000000
2.724000000000
2.806000000000
2.948000000000
2.755000000000
2.803000000000
2.854000000000
2.787000000000
2.806000000000
2.867000000000
2.704000000000
2.878000000000
2.789000000000
2.794000000000
2.764000000000
2.864000000000
2.842000000000
2.796000000000
2.857000000000
2.797000000000
2.988000000000
2.854000000000
2.888000000000
2.680000000000
2.778000000000
2.763000000000
2.870000000000
2.796000000000
2.580000000000
2.807000000000
3.035000000000
2.729000000000
2.673000000000
2.820000000000
2.650000000000
2.834000000000
2.736000000000
2.865000000000
2.988000000000
2.716000000000
2.904000000000
2.684000000000
2.875000000000
2.851000000000
3.000000000000
2.923000000000
2.933000000000
2.876000000000
2.919000000000
2.677000000000
2.910000000000
2.927000000000
2.782000000000
3.139000000000
2.571000000000
3.009000000000
2.722000000000
2.802000000000
2.857000000000
2.924000000000
2.842000000000
2.906000000000
3.014000000000
2.701000000000
2.837000000000
2.827000000000
2.784000000000
2.844000000000
2.841000000000
2.899000000000
2.987000000000
2.887000000000
2.670000000000
2.866000000000
2.716000000000
2.913000000000
2.686000000000
2.896000000000
3.082000000000
2.839000000000
2.829000000000
2.731000000000
2.791000000000
2.731000000000
2.982000000000
2.656000000000
2.823000000000
2.711000000000
2.920000000000
2.740000000000
2.688000000000
2.866000000000
2.916000000000
2.869000000000
2.877000000000
2.766000000000
2.757000000000
2.797000000000
2.839000000000
2.738000000000
2.697000000000
2.762000000000
2.725000000000
2.788000000000
2.874000000000
2.896000000000
2.767000000000
2.817000000000
2.792000000000
2.845000000000
2.736000000000
2.669000000000
2.824000000000
2.869000000000
2.783000000000
2.702000000000
2.783000000000
3.012000000000
2.718000000000
2.777000000000
2.829000000000
2.933000000000
2.687000000000
2.890000000000
3.148000000000
2.906000000000
2.786000000000
2.811000000000
2.811000000000
2.770000000000
2.832000000000
2.781000000000
2.841000000000
2.801000000000
2.903000000000
2.762000000000
2.746000000000
2.903000000000
3.003000000000
2.711000000000
2.999000000000
2.874000000000
2.868000000000
2.780000000000
3.034000000000
2.696000000000
2.803000000000
2.783000000000
2.796000000000
2.933000000000
2.741000000000
2.746000000000
2.711000000000
2.855000000000
2.737000000000
2.699000000000
2.708000000000
2.714000000000
2.745000000000
3.063000000000
2.763000000000
2.874000000000
2.723000000000
2.924000000000
2.714000000000
2.910000000000
2.694000000000
2.716000000000
2.853000000000
2.781000000000
2.924000000000
2.784000000000
2.727000000000
2.841000000000
2.777000000000
2.923000000000
2.738000000000
2.893000000000
2.798000000000
2.739000000000
2.732000000000
2.455000000000
2.997000000000
2.868000000000
2.752000000000
2.787000000000
2.931000000000
2.947000000000
2.885000000000
2.849000000000
2.818000000000
2.804000000000
2.754000000000
2.851000000000
2.968000000000
2.962000000000
2.742000000000
2.812000000000
2.853000000000
2.704000000000
2.687000000000
2.837000000000
2.874000000000
2.842000000000
2.809000000000
2.915000000000
2.936000000000
2.707000000000
2.724000000000
2.873000000000
2.786000000000
2.787000000000
2.789000000000
2.858000000000
2.661000000000
3.151000000000
2.713000000000
2.695000000000
2.753000000000
2.735000000000
2.761000000000
2.761000000000
2.815000000000
2.843000000000
2.758000000000
2.700000000000
2.904000000000
2.868000000000
2.956000000000
2.731000000000
2.720000000000
2.832000000000
2.989000000000
2.815000000000
2.723000000000
2.776000000000
2.818000000000
2.690000000000
2.933000000000
2.907000000000
2.783000000000
2.824000000000
2.861000000000
2.959000000000
2.777000000000
2.831000000000
2.949000000000
2.799000000000
2.848000000000
2.939000000000
3.035000000000
2.717000000000
2.495000000000
2.951000000000
2.840000000000
2.895000000000
2.745000000000
2.772000000000
2.776000000000
2.683000000000
2.815000000000
2.886000000000
2.786000000000
2.858000000000
3.093000000000
2.820000000000
2.840000000000
2.878000000000
2.737000000000
2.910000000000
2.815000000000
2.821000000000
2.936000000000
2.687000000000
2.787000000000
2.723000000000
2.681000000000
2.785000000000
2.894000000000
2.773000000000
2.985000000000
2.827000000000
2.688000000000
2.742000000000
2.725000000000
2.663000000000
2.939000000000
2.982000000000
2.862000000000
2.852000000000
2.722000000000
2.810000000000
2.934000000000
2.788000000000
2.764000000000
2.933000000000
2.898000000000
2.683000000000
3.003000000000
2.716000000000
2.908000000000
2.702000000000
2.790000000000
2.780000000000
2.956000000000
2.985000000000
2.770000000000
3.034000000000
2.816000000000
2.783000000000
2.821000000000
2.768000000000
2.698000000000
2.793000000000
2.678000000000
2.704000000000
2.789000000000
2.472000000000
2.779000000000
2.793000000000
2.885000000000
2.664000000000
2.859000000000
2.752000000000
2.773000000000
2.705000000000
2.711000000000
2.789000000000
2.851000000000
2.770000000000
2.968000000000
2.839000000000
2.805000000000
2.728000000000
2.920000000000
2.852000000000
2.880000000000
2.965000000000
2.823000000000
2.686000000000
2.879000000000
2.968000000000
2.942000000000
2.807000000000
2.868000000000
2.734000000000
2.856000000000
2.692000000000
2.477000000000
2.781000000000
2.739000000000
2.917000000000
2.740000000000
2.761000000000
2.887000000000
2.958000000000
2.952000000000
2.915000000000
2.995000000000
3.015000000000
2.842000000000
3.112000000000
2.844000000000
2.907000000000
2.840000000000
2.862000000000
2.760000000000
2.716000000000
2.782000000000
2.754000000000
2.717000000000
2.845000000000
2.962000000000
2.866000000000
2.698000000000
2.897000000000
2.817000000000
2.917000000000
3.013000000000
2.927000000000
2.928000000000
2.497000000000
2.755000000000
2.864000000000
2.904000000000
2.686000000000
2.776000000000
2.890000000000
3.130000000000
2.852000000000
2.820000000000
2.726000000000
2.727000000000
2.767000000000
2.847000000000
2.814000000000
2.746000000000
2.781000000000
2.852000000000
2.761000000000
2.740000000000
2.768000000000
2.813000000000
2.700000000000
2.902000000000
2.764000000000
2.853000000000
2.808000000000
2.995000000000
2.778000000000
2.892000000000
2.910000000000
2.875000000000
2.770000000000
2.806000000000
2.779000000000
2.862000000000
2.956000000000
2.983000000000
2.754000000000
2.808000000000
2.837000000000
2.762000000000
2.996000000000
3.015000000000
2.808000000000
2.719000000000
2.726000000000
3.078000000000
2.727000000000
2.797000000000
2.854000000000
2.828000000000
2.863000000000
2.900000000000
2.868000000000
2.883000000000
2.896000000000
2.777000000000
2.724000000000
2.834000000000
2.866000000000
2.894000000000
2.785000000000
2.684000000000
2.791000000000
2.412000000000
2.625000000000
3.022000000000
2.748000000000
2.775000000000
2.883000000000
2.717000000000
2.784000000000
2.734000000000
2.688000000000
2.900000000000
2.826000000000
2.800000000000
2.849000000000
3.001000000000
2.707000000000
2.967000000000
2.891000000000
2.960000000000
2.747000000000
2.730000000000
2.737000000000
2.884000000000
2.740000000000
2.711000000000
2.797000000000
2.937000000000
2.884000000000
2.878000000000
2.956000000000
2.799000000000
2.492000000000
2.926000000000
2.887000000000
2.766000000000
2.829000000000
2.675000000000
3.042000000000
2.672000000000
2.791000000000
2.709000000000
2.849000000000
2.727000000000
2.884000000000
2.666000000000
2.746000000000
2.783000000000
2.957000000000
3.008000000000
2.806000000000
2.896000000000
2.749000000000
2.728000000000
2.716000000000
2.909000000000
2.784000000000
2.960000000000
2.990000000000
2.717000000000
2.834000000000
2.851000000000
3.669000000000
3.581000000000
3.369000000000
2.796000000000
3.087000000000
2.746000000000
2.754000000000
2.839000000000
2.934000000000
2.691000000000
2.791000000000
2.745000000000
2.678000000000
2.767000000000
2.706000000000
2.925000000000
2.943000000000
3.019000000000
2.702000000000
2.756000000000
2.727000000000
2.803000000000
2.714000000000
2.923000000000
2.740000000000
2.878000000000
2.739000000000
3.028000000000
2.844000000000
2.691000000000
2.731000000000
2.766000000000
2.843000000000
2.707000000000
2.841000000000
2.794000000000
2.730000000000
2.598000000000
2.725000000000
2.693000000000
2.758000000000
2.740000000000
3.081000000000
2.730000000000
2.932000000000
2.733000000000
3.069000000000
2.853000000000
2.768000000000
2.747000000000
2.916000000000
3.013000000000
2.861000000000
2.763000000000
2.708000000000
2.802000000000
2.905000000000
2.706000000000
2.909000000000
2.740000000000
2.907000000000
2.816000000000
3.069000000000
2.799000000000
3.118000000000
2.704000000000
2.848000000000
2.677000000000
2.786000000000
2.701000000000
2.955000000000
2.799000000000
2.893000000000
2.879000000000
2.888000000000
2.826000000000
2.892000000000
2.740000000000
2.701000000000
3.022000000000
2.718000000000
2.752000000000
2.718000000000
2.951000000000
2.890000000000
2.902000000000
2.794000000000
3.008000000000
2.840000000000
2.956000000000
2.816000000000
2.884000000000
2.720000000000
2.941000000000
2.823000000000
2.709000000000
2.680000000000
2.940000000000
2.775000000000
2.794000000000
2.815000000000
2.674000000000
2.969000000000
2.704000000000
2.838000000000
2.620000000000
2.895000000000
2.997000000000
2.677000000000
2.719000000000
2.776000000000
2.852000000000
2.665000000000
2.764000000000
2.734000000000
2.842000000000
2.857000000000
2.736000000000
2.758000000000
2.762000000000
2.757000000000
2.909000000000
2.738000000000
2.712000000000
2.756000000000
2.815000000000
2.782000000000
2.884000000000
2.918000000000
2.727000000000
2.762000000000
2.870000000000
2.707000000000
2.744000000000
2.757000000000
2.848000000000
2.839000000000
2.661000000000
2.859000000000
2.719000000000
2.826000000000
2.744000000000
2.724000000000
2.810000000000
2.901000000000
2.792000000000
2.778000000000
2.716000000000
2.689000000000
2.681000000000
2.967000000000
3.865000000000
2.904000000000
2.851000000000
3.026000000000
2.782000000000
2.890000000000
2.984000000000
2.911000000000
2.682000000000
3.007000000000
2.774000000000
2.767000000000
2.955000000000
2.678000000000
2.774000000000
2.895000000000
2.683000000000
2.824000000000
2.872000000000
2.823000000000
3.002000000000
3.920000000000
2.905000000000
2.789000000000
3.010000000000
2.836000000000
2.901000000000
2.708000000000
2.698000000000
2.838000000000
2.811000000000
2.898000000000
2.904000000000
2.730000000000
2.789000000000
2.438000000000
3.979000000000
2.771000000000
2.829000000000
2.906000000000
2.902000000000
2.699000000000
2.649000000000
2.675000000000
2.529000000000
2.650000000000
2.509000000000
2.521000000000
2.502000000000
2.663000000000
2.569000000000
2.659000000000
2.537000000000
2.539000000000
2.582000000000
2.602000000000
2.562000000000
2.425000000000
2.478000000000
2.573000000000
2.572000000000
2.645000000000
2.543000000000
2.503000000000
2.597000000000
2.596000000000
2.594000000000
2.479000000000
2.609000000000
2.547000000000
2.500000000000
2.569000000000
2.469000000000
2.660000000000
2.558000000000
2.578000000000
2.501000000000
2.615000000000
2.486000000000
2.609000000000
2.703000000000
2.475000000000
2.534000000000
2.624000000000
2.639000000000
2.551000000000
2.529000000000
2.587000000000
2.472000000000
2.689000000000
2.552000000000
2.517000000000
2.500000000000
2.561000000000
2.537000000000
2.530000000000
2.550000000000
2.478000000000
2.686000000000
2.527000000000
2.509000000000
2.670000000000
2.486000000000
2.493000000000
2.494000000000
2.513000000000
2.584000000000
2.532000000000
2.550000000000
2.530000000000
2.648000000000
2.611000000000
2.507000000000
2.705000000000
2.553000000000
2.519000000000
2.511000000000
2.461000000000
2.579000000000
2.533000000000
2.578000000000
2.503000000000
2.476000000000
2.524000000000
2.590000000000
2.593000000000
2.664000000000
2.484000000000
2.525000000000
2.560000000000
2.546000000000
2.509000000000
2.581000000000
2.571000000000
2.525000000000
2.631000000000
2.581000000000
2.525000000000
2.502000000000
2.585000000000
2.645000000000
2.464000000000
2.535000000000
2.554000000000
2.701000000000
2.529000000000
2.484000000000
2.496000000000
2.582000000000
2.498000000000
2.600000000000
2.666000000000
2.556000000000
2.517000000000
2.552000000000
2.578000000000
2.552000000000
2.503000000000
2.550000000000
2.512000000000
2.642000000000
2.760000000000
2.553000000000
2.538000000000
2.610000000000
2.607000000000
2.536000000000
2.569000000000
2.558000000000
2.488000000000
2.579000000000
2.539000000000
2.567000000000
2.518000000000
2.596000000000
2.619000000000
2.520000000000
2.513000000000
2.523000000000
2.614000000000
2.591000000000
2.520000000000
2.462000000000
2.512000000000
2.507000000000
2.541000000000
2.569000000000
2.415000000000
2.537000000000
2.624000000000
2.512000000000
2.579000000000
2.537000000000
2.587000000000
2.526000000000
2.522000000000
2.573000000000
2.652000000000
2.506000000000
2.510000000000
2.510000000000
2.528000000000
2.475000000000
3.274000000000
2.590000000000
2.571000000000
2.540000000000
3.152000000000
4.087000000000
2.523000000000
2.523000000000
2.539000000000
2.543000000000
2.551000000000
2.567000000000
2.584000000000
2.749000000000
2.521000000000
2.528000000000
2.558000000000
2.571000000000
2.535000000000
2.509000000000
2.498000000000
2.452000000000
2.494000000000
2.605000000000
2.639000000000
2.560000000000
2.510000000000
2.582000000000
2.850000000000
2.674000000000
2.545000000000
2.529000000000
2.576000000000
2.554000000000
2.550000000000
2.486000000000
2.519000000000
2.542000000000
2.545000000000
2.542000000000
2.508000000000
2.558000000000
2.789000000000
2.565000000000
2.681000000000
2.601000000000
2.558000000000
2.610000000000
2.705000000000
2.510000000000
2.734000000000
2.622000000000
2.586000000000
2.516000000000
2.502000000000
2.665000000000
2.482000000000
2.713000000000
2.548000000000
2.557000000000
2.687000000000
2.490000000000
2.526000000000
2.551000000000
2.566000000000
2.652000000000
2.606000000000
2.602000000000
2.542000000000
2.501000000000
2.545000000000
2.472000000000
2.547000000000
2.704000000000
2.478000000000
2.544000000000
2.561000000000
2.599000000000
2.527000000000
2.503000000000
2.555000000000
2.557000000000
2.532000000000
2.560000000000
2.497000000000
2.500000000000
2.520000000000
2.484000000000
2.502000000000
2.514000000000
2.584000000000
2.507000000000
2.720000000000
2.527000000000
2.484000000000
2.528000000000
2.487000000000
2.611000000000
2.568000000000
2.510000000000
2.562000000000
2.548000000000
2.530000000000
2.620000000000
2.533000000000
2.588000000000
2.579000000000
2.586000000000
2.527000000000
2.591000000000
2.568000000000
2.520000000000
2.499000000000
2.515000000000
2.537000000000
2.545000000000
2.561000000000
2.572000000000
2.552000000000
2.524000000000
2.528000000000
2.520000000000
2.502000000000
2.673000000000
2.512000000000
2.541000000000
2.491000000000
2.617000000000
2.486000000000
2.529000000000
2.464000000000
2.541000000000
2.512000000000
2.525000000000
2.494000000000
2.477000000000
2.688000000000
2.845000000000
2.899000000000
2.524000000000
2.675000000000
2.512000000000
2.607000000000
2.529000000000
2.512000000000
2.500000000000
2.482000000000
2.562000000000
2.508000000000
2.682000000000
2.501000000000
2.547000000000
2.581000000000
2.540000000000
2.493000000000
2.576000000000
2.574000000000
2.650000000000
2.611000000000
2.458000000000
2.504000000000
2.572000000000
2.563000000000
2.506000000000
2.584000000000
2.535000000000
2.459000000000
2.551000000000
2.511000000000
2.674000000000
2.514000000000
2.516000000000
2.731000000000
2.486000000000
2.483000000000
2.572000000000
2.488000000000
2.561000000000
2.470000000000
2.677000000000
2.474000000000
2.511000000000
2.585000000000
2.513000000000
2.650000000000
2.574000000000
2.549000000000
2.706000000000
2.493000000000
2.549000000000
2.631000000000
2.653000000000
2.536000000000
2.575000000000
2.555000000000
2.513000000000
2.551000000000
2.490000000000
2.454000000000
2.628000000000
2.494000000000
2.554000000000
2.551000000000
2.689000000000
2.465000000000
2.587000000000
2.540000000000
2.626000000000
2.540000000000
2.521000000000
2.504000000000
2.575000000000
2.562000000000
2.506000000000
2.579000000000
2.560000000000
2.621000000000
2.631000000000
2.563000000000
2.663000000000
2.506000000000
2.505000000000
2.523000000000
2.503000000000
2.406000000000
2.511000000000
2.430000000000
2.498000000000
2.449000000000
2.459000000000
2.425000000000
2.468000000000
2.446000000000
2.438000000000
2.465000000000
2.462000000000
2.512000000000
2.447000000000
2.569000000000
2.395000000000
2.432000000000
2.509000000000
2.454000000000
2.440000000000
2.408000000000
2.405000000000
2.501000000000
2.487000000000
2.541000000000
2.491000000000
2.444000000000
2.546000000000
2.528000000000
2.416000000000
2.475000000000
2.457000000000
2.474000000000
2.465000000000
2.582000000000
2.505000000000
2.517000000000
2.548000000000
2.456000000000
2.599000000000
2.511000000000
2.678000000000
2.443000000000
2.510000000000
2.745000000000
2.423000000000
2.448000000000
2.722000000000
2.480000000000
2.513000000000
2.462000000000
2.483000000000
2.406000000000
2.474000000000
2.464000000000
2.482000000000
2.412000000000
2.542000000000
2.442000000000
2.492000000000
2.443000000000
2.494000000000
2.478000000000
2.467000000000
2.488000000000
2.509000000000
2.421000000000
2.429000000000
2.442000000000
2.442000000000
2.424000000000
2.420000000000
2.407000000000
2.485000000000
2.537000000000
2.431000000000
2.506000000000
2.555000000000
2.407000000000
2.401000000000
