4.424000000000
0.876000000000
1.025000000000
1.075000000000
0.936000000000
0.955000000000
1.018000000000
1.063000000000
1.178000000000
1.244000000000
1.075000000000
1.156000000000
1.146000000000
1.211000000000
1.172000000000
1.375000000000
1.401000000000
1.358000000000
1.376000000000
1.374000000000
1.536000000000
1.384000000000
1.579000000000
1.426000000000
1.553000000000
1.551000000000
1.554000000000
1.607000000000
1.693000000000
2.634000000000
1.630000000000
1.715000000000
1.714000000000
1.942000000000
1.714000000000
1.756000000000
1.832000000000
1.992000000000
1.856000000000
1.913000000000
1.889000000000
1.989000000000
2.075000000000
1.956000000000
2.033000000000
2.066000000000
2.032000000000
2.051000000000
2.051000000000
2.071000000000
2.092000000000
2.153000000000
2.111000000000
2.142000000000
2.134000000000
2.196000000000
2.170000000000
2.197000000000
2.192000000000
2.265000000000
2.241000000000
2.238000000000
2.250000000000
2.287000000000
2.385000000000
2.357000000000
2.452000000000
2.491000000000
2.295000000000
2.289000000000
2.358000000000
2.329000000000
2.516000000000
2.757000000000
2.548000000000
2.549000000000
2.335000000000
2.346000000000
2.531000000000
2.475000000000
2.467000000000
2.458000000000
2.504000000000
2.461000000000
2.378000000000
2.403000000000
2.453000000000
2.497000000000
2.502000000000
2.435000000000
2.479000000000
2.449000000000
2.447000000000
2.399000000000
2.412000000000
2.401000000000
2.472000000000
2.483000000000
2.491000000000
2.500000000000
2.468000000000
2.418000000000
2.636000000000
2.444000000000
2.624000000000
2.468000000000
2.495000000000
2.595000000000
2.468000000000
2.470000000000
2.449000000000
2.529000000000
2.501000000000
2.467000000000
2.481000000000
2.590000000000
2.526000000000
2.480000000000
2.458000000000
2.648000000000
2.418000000000
2.631000000000
2.511000000000
2.520000000000
2.496000000000
2.429000000000
2.451000000000
2.698000000000
2.519000000000
2.560000000000
2.603000000000
2.596000000000
2.519000000000
2.537000000000
2.487000000000
2.471000000000
2.493000000000
2.519000000000
2.569000000000
2.522000000000
2.695000000000
2.541000000000
2.508000000000
2.559000000000
2.490000000000
2.592000000000
2.565000000000
2.478000000000
2.743000000000
2.498000000000
2.458000000000
2.501000000000
2.547000000000
2.535000000000
2.533000000000
2.459000000000
2.500000000000
2.551000000000
2.497000000000
2.607000000000
2.616000000000
2.586000000000
2.514000000000
2.561000000000
2.553000000000
2.518000000000
2.474000000000
2.573000000000
2.467000000000
2.510000000000
2.616000000000
2.465000000000
2.513000000000
2.661000000000
2.496000000000
2.472000000000
2.656000000000
2.625000000000
2.587000000000
2.591000000000
2.639000000000
2.532000000000
2.589000000000
2.546000000000
2.535000000000
2.660000000000
2.713000000000
2.555000000000
2.496000000000
2.600000000000
2.545000000000
2.554000000000
2.503000000000
2.602000000000
2.583000000000
2.487000000000
2.522000000000
2.497000000000
2.507000000000
2.506000000000
2.573000000000
2.487000000000
2.634000000000
2.996000000000
2.911000000000
2.977000000000
2.696000000000
2.731000000000
2.732000000000
2.946000000000
2.772000000000
2.829000000000
2.994000000000
2.708000000000
2.831000000000
2.826000000000
2.787000000000
2.802000000000
2.791000000000
2.935000000000
2.752000000000
2.797000000000
2.749000000000
2.849000000000
2.936000000000
2.921000000000
2.904000000000
2.865000000000
2.816000000000
2.916000000000
2.783000000000
2.765000000000
2.917000000000
2.807000000000
2.828000000000
2.870000000000
2.765000000000
2.783000000000
2.839000000000
2.759000000000
2.801000000000
2.722000000000
3.000000000000
2.747000000000
2.857000000000
3.003000000000
2.698000000000
2.877000000000
2.944000000000
2.987000000000
2.843000000000
2.732000000000
2.830000000000
2.976000000000
2.859000000000
2.916000000000
2.777000000000
2.836000000000
2.636000000000
2.884000000000
2.938000000000
2.877000000000
2.828000000000
2.749000000000
2.886000000000
2.947000000000
2.845000000000
2.788000000000
2.724000000000
2.897000000000
2.888000000000
3.028000000000
2.854000000000
2.762000000000
2.893000000000
2.755000000000
2.788000000000
2.790000000000
2.875000000000
2.806000000000
2.797000000000
2.733000000000
2.931000000000
2.817000000000
2.707000000000
2.860000000000
2.707000000000
2.759000000000
2.718000000000
2.888000000000
2.989000000000
2.812000000000
2.751000000000
2.867000000000
2.934000000000
2.896000000000
2.741000000000
2.729000000000
2.866000000000
3.009000000000
2.759000000000
2.892000000000
3.092000000000
2.924000000000
2.852000000000
2.705000000000
3.104000000000
2.994000000000
2.895000000000
2.824000000000
2.846000000000
2.897000000000
2.813000000000
2.789000000000
2.809000000000
2.840000000000
2.825000000000
2.771000000000
2.752000000000
2.966000000000
2.726000000000
2.795000000000
2.745000000000
2.876000000000
2.672000000000
3.127000000000
2.731000000000
2.831000000000
2.848000000000
2.859000000000
2.916000000000
2.806000000000
2.697000000000
2.811000000000
2.875000000000
2.905000000000
2.749000000000
2.935000000000
2.811000000000
2.793000000000
2.775000000000
2.905000000000
2.749000000000
2.900000000000
2.735000000000
3.181000000000
2.985000000000
2.795000000000
2.857000000000
2.840000000000
3.062000000000
2.779000000000
2.685000000000
2.885000000000
2.765000000000
2.824000000000
2.729000000000
2.777000000000
2.846000000000
2.906000000000
2.985000000000
2.882000000000
2.902000000000
2.487000000000
2.917000000000
2.730000000000
3.013000000000
2.706000000000
2.930000000000
2.876000000000
2.918000000000
2.798000000000
2.726000000000
2.747000000000
2.979000000000
2.775000000000
2.877000000000
2.778000000000
2.839000000000
2.911000000000
2.887000000000
2.856000000000
2.828000000000
2.712000000000
2.996000000000
2.825000000000
2.856000000000
2.574000000000
2.865000000000
2.923000000000
2.814000000000
2.747000000000
2.761000000000
2.745000000000
2.833000000000
2.764000000000
2.866000000000
2.892000000000
2.845000000000
2.871000000000
2.838000000000
2.666000000000
2.842000000000
2.840000000000
2.950000000000
2.914000000000
2.755000000000
2.679000000000
2.855000000000
3.074000000000
2.906000000000
2.806000000000
2.903000000000
2.556000000000
2.729000000000
2.983000000000
2.715000000000
2.740000000000
2.718000000000
2.792000000000
2.841000000000
2.956000000000
2.854000000000
2.873000000000
2.805000000000
2.794000000000
2.856000000000
2.897000000000
2.908000000000
3.016000000000
2.975000000000
2.825000000000
2.705000000000
2.798000000000
2.803000000000
2.731000000000
2.767000000000
2.779000000000
2.773000000000
2.889000000000
2.798000000000
2.760000000000
2.769000000000
2.938000000000
2.713000000000
2.874000000000
2.796000000000
2.812000000000
2.842000000000
2.831000000000
2.901000000000
2.756000000000
2.857000000000
2.744000000000
2.851000000000
2.770000000000
2.857000000000
2.828000000000
2.816000000000
2.741000000000
2.992000000000
2.855000000000
2.897000000000
2.968000000000
2.724000000000
2.776000000000
2.786000000000
2.886000000000
2.771000000000
2.922000000000
2.914000000000
2.665000000000
2.854000000000
2.836000000000
2.761000000000
2.869000000000
2.739000000000
2.733000000000
2.741000000000
2.852000000000
2.799000000000
2.782000000000
2.788000000000
2.879000000000
2.774000000000
2.886000000000
2.742000000000
2.928000000000
2.774000000000
2.745000000000
2.867000000000
2.859000000000
2.716000000000
2.936000000000
2.725000000000
2.783000000000
2.878000000000
2.876000000000
2.855000000000
2.813000000000
2.778000000000
3.287000000000
2.821000000000
2.791000000000
2.869000000000
2.561000000000
2.881000000000
2.722000000000
2.940000000000
2.900000000000
2.743000000000
2.755000000000
2.706000000000
2.680000000000
3.096000000000
2.910000000000
2.934000000000
3.009000000000
2.847000000000
2.803000000000
2.853000000000
2.719000000000
2.777000000000
2.746000000000
2.842000000000
2.845000000000
2.748000000000
2.710000000000
2.771000000000
2.966000000000
2.912000000000
2.856000000000
2.766000000000
3.053000000000
2.876000000000
2.834000000000
2.840000000000
2.960000000000
2.818000000000
3.019000000000
2.964000000000
2.750000000000
2.557000000000
2.553000000000
2.880000000000
3.235000000000
3.147000000000
3.222000000000
3.366000000000
3.211000000000
3.390000000000
3.128000000000
3.402000000000
2.496000000000
3.158000000000
3.446000000000
3.061000000000
3.145000000000
3.122000000000
3.373000000000
3.523000000000
3.119000000000
2.987000000000
3.175000000000
2.681000000000
3.531000000000
3.266000000000
3.132000000000
3.305000000000
3.231000000000
3.441000000000
3.332000000000
2.614000000000
3.534000000000
3.244000000000
3.424000000000
3.125000000000
3.432000000000
3.142000000000
3.168000000000
3.554000000000
3.255000000000
3.040000000000
3.401000000000
3.374000000000
3.395000000000
3.398000000000
3.298000000000
3.360000000000
3.271000000000
3.243000000000
3.312000000000
3.350000000000
2.742000000000
3.455000000000
3.384000000000
3.128000000000
3.097000000000
3.074000000000
3.111000000000
3.277000000000
3.077000000000
3.124000000000
3.229000000000
3.155000000000
3.116000000000
3.036000000000
3.133000000000
3.244000000000
3.079000000000
2.627000000000
3.230000000000
2.966000000000
3.137000000000
3.245000000000
3.354000000000
3.034000000000
3.083000000000
3.439000000000
3.299000000000
3.098000000000
3.489000000000
3.109000000000
3.543000000000
3.261000000000
3.353000000000
3.119000000000
3.423000000000
3.100000000000
2.960000000000
3.275000000000
3.112000000000
3.233000000000
3.081000000000
3.242000000000
3.300000000000
3.024000000000
3.235000000000
3.365000000000
3.264000000000
2.847000000000
2.932000000000
3.495000000000
3.425000000000
3.365000000000
3.188000000000
3.033000000000
3.291000000000
3.051000000000
3.191000000000
3.169000000000
3.089000000000
3.154000000000
3.155000000000
3.264000000000
3.251000000000
3.309000000000
3.030000000000
3.159000000000
3.434000000000
2.437000000000
3.257000000000
3.432000000000
3.332000000000
3.252000000000
3.071000000000
3.442000000000
3.336000000000
3.326000000000
3.388000000000
3.540000000000
3.209000000000
2.796000000000
3.109000000000
3.592000000000
3.489000000000
3.194000000000
3.417000000000
3.324000000000
3.332000000000
3.277000000000
3.490000000000
3.099000000000
3.432000000000
3.138000000000
3.226000000000
3.447000000000
3.053000000000
3.537000000000
3.211000000000
3.110000000000
2.678000000000
3.378000000000
3.230000000000
3.144000000000
3.114000000000
3.027000000000
3.054000000000
3.096000000000
3.293000000000
3.193000000000
2.759000000000
3.052000000000
3.387000000000
3.362000000000
3.254000000000
3.011000000000
3.012000000000
3.412000000000
3.498000000000
3.490000000000
3.130000000000
3.109000000000
3.347000000000
3.174000000000
3.221000000000
3.033000000000
3.299000000000
3.351000000000
3.343000000000
3.323000000000
3.157000000000
3.000000000000
3.058000000000
3.271000000000
3.148000000000
3.414000000000
3.362000000000
2.653000000000
3.094000000000
3.261000000000
3.028000000000
3.444000000000
3.039000000000
3.441000000000
3.329000000000
3.152000000000
3.086000000000
3.387000000000
2.906000000000
3.344000000000
3.019000000000
3.406000000000
3.423000000000
3.215000000000
3.213000000000
3.150000000000
3.247000000000
3.388000000000
3.123000000000
3.207000000000
3.352000000000
3.031000000000
3.117000000000
3.284000000000
3.411000000000
3.063000000000
3.154000000000
3.321000000000
2.634000000000
3.294000000000
3.109000000000
3.350000000000
3.386000000000
3.483000000000
3.048000000000
3.009000000000
3.085000000000
3.387000000000
3.314000000000
3.298000000000
3.417000000000
3.301000000000
3.377000000000
3.470000000000
3.307000000000
3.372000000000
3.274000000000
3.078000000000
3.065000000000
3.064000000000
3.048000000000
3.187000000000
3.048000000000
3.177000000000
3.101000000000
3.252000000000
3.098000000000
3.264000000000
3.408000000000
3.398000000000
3.405000000000
3.047000000000
2.489000000000
3.194000000000
3.277000000000
3.005000000000
3.445000000000
3.351000000000
3.300000000000
3.063000000000
3.120000000000
3.017000000000
3.247000000000
3.138000000000
3.218000000000
3.073000000000
3.094000000000
2.749000000000
3.291000000000
3.466000000000
3.047000000000
3.111000000000
2.964000000000
3.200000000000
3.289000000000
3.115000000000
3.145000000000
3.388000000000
3.448000000000
3.425000000000
3.055000000000
3.355000000000
3.392000000000
3.323000000000
3.119000000000
3.173000000000
3.166000000000
3.155000000000
3.016000000000
3.179000000000
3.179000000000
2.987000000000
3.539000000000
3.167000000000
3.481000000000
3.008000000000
3.049000000000
3.094000000000
3.192000000000
3.077000000000
3.192000000000
3.192000000000
3.087000000000
3.271000000000
3.191000000000
3.535000000000
3.164000000000
3.150000000000
3.216000000000
3.579000000000
3.093000000000
3.125000000000
3.027000000000
3.132000000000
3.086000000000
3.042000000000
3.357000000000
2.536000000000
3.178000000000
3.061000000000
3.429000000000
3.067000000000
3.122000000000
3.169000000000
3.435000000000
3.174000000000
3.549000000000
3.085000000000
3.106000000000
3.101000000000
2.520000000000
3.148000000000
2.962000000000
3.346000000000
3.152000000000
3.075000000000
3.096000000000
3.253000000000
3.319000000000
3.150000000000
3.330000000000
3.194000000000
3.216000000000
3.112000000000
3.092000000000
3.069000000000
3.243000000000
3.273000000000
3.138000000000
2.634000000000
3.428000000000
3.296000000000
3.191000000000
3.237000000000
3.174000000000
3.417000000000
3.414000000000
3.327000000000
3.121000000000
3.124000000000
3.093000000000
3.071000000000
2.905000000000
3.402000000000
3.091000000000
3.329000000000
3.383000000000
3.137000000000
3.425000000000
3.271000000000
3.116000000000
3.046000000000
3.377000000000
3.098000000000
3.495000000000
3.026000000000
3.230000000000
3.033000000000
2.550000000000
3.596000000000
3.567000000000
2.992000000000
3.326000000000
3.363000000000
3.525000000000
3.043000000000
3.129000000000
3.117000000000
3.079000000000
3.384000000000
3.022000000000
3.255000000000
3.004000000000
3.395000000000
3.353000000000
3.075000000000
3.170000000000
3.074000000000
3.246000000000
3.436000000000
3.305000000000
3.463000000000
3.405000000000
3.108000000000
3.201000000000
3.156000000000
3.317000000000
3.274000000000
2.798000000000
3.489000000000
3.231000000000
3.147000000000
3.446000000000
3.395000000000
3.471000000000
3.376000000000
3.114000000000
3.256000000000
3.232000000000
3.396000000000
3.363000000000
3.124000000000
3.105000000000
3.039000000000
3.165000000000
3.043000000000
3.244000000000
3.327000000000
3.347000000000
3.507000000000
3.050000000000
3.019000000000
3.335000000000
3.454000000000
3.059000000000
3.189000000000
3.096000000000
3.392000000000
2.699000000000
3.510000000000
3.296000000000
3.129000000000
3.081000000000
3.163000000000
3.369000000000
3.203000000000
3.356000000000
3.312000000000
3.162000000000
3.091000000000
3.269000000000
3.331000000000
3.496000000000
3.148000000000
2.507000000000
3.058000000000
3.432000000000
3.398000000000
3.360000000000
3.254000000000
3.450000000000
3.422000000000
3.196000000000
3.519000000000
3.074000000000
3.415000000000
3.354000000000
3.485000000000
2.678000000000
3.377000000000
3.021000000000
3.156000000000
3.293000000000
3.250000000000
3.299000000000
3.054000000000
3.529000000000
3.375000000000
3.386000000000
3.344000000000
3.112000000000
3.297000000000
3.204000000000
3.539000000000
3.135000000000
2.573000000000
3.190000000000
3.413000000000
3.255000000000
3.641000000000
3.143000000000
3.037000000000
3.002000000000
3.453000000000
3.142000000000
3.294000000000
3.132000000000
3.050000000000
3.186000000000
3.202000000000
3.042000000000
3.369000000000
3.437000000000
3.363000000000
3.467000000000
3.433000000000
3.090000000000
3.109000000000
3.207000000000
3.200000000000
3.002000000000
3.340000000000
3.346000000000
3.331000000000
2.920000000000
3.110000000000
3.171000000000
3.398000000000
3.264000000000
3.145000000000
3.073000000000
3.164000000000
3.244000000000
3.069000000000
3.447000000000
3.082000000000
3.325000000000
3.199000000000
3.445000000000
2.660000000000
3.098000000000
3.182000000000
3.187000000000
3.102000000000
3.213000000000
3.082000000000
3.535000000000
3.399000000000
2.987000000000
3.027000000000
2.990000000000
2.984000000000
3.106000000000
3.786000000000
3.273000000000
3.032000000000
3.850000000000
2.993000000000
3.111000000000
3.117000000000
3.242000000000
3.796000000000
3.170000000000
3.900000000000
2.996000000000
3.098000000000
3.060000000000
3.677000000000
3.434000000000
3.055000000000
3.041000000000
3.220000000000
3.382000000000
3.140000000000
3.484000000000
3.315000000000
3.096000000000
2.599000000000
3.231000000000
3.380000000000
3.224000000000
3.459000000000
3.283000000000
3.307000000000
3.365000000000
3.189000000000
3.312000000000
3.311000000000
3.370000000000
3.250000000000
2.998000000000
3.101000000000
3.165000000000
3.243000000000
3.044000000000
3.435000000000
2.879000000000
3.375000000000
3.361000000000
3.208000000000
3.236000000000
3.366000000000
3.215000000000
3.325000000000
3.162000000000
3.293000000000
3.133000000000
2.920000000000
2.936000000000
3.216000000000
3.442000000000
3.024000000000
3.510000000000
3.384000000000
3.348000000000
3.455000000000
3.206000000000
3.261000000000
3.829000000000
4.237000000000
3.225000000000
3.009000000000
3.181000000000
3.183000000000
3.281000000000
3.089000000000
3.037000000000
3.492000000000
2.891000000000
3.632000000000
3.084000000000
3.236000000000
3.374000000000
3.046000000000
3.134000000000
3.106000000000
3.063000000000
3.262000000000
3.290000000000
3.123000000000
3.089000000000
3.353000000000
3.120000000000
3.044000000000
3.200000000000
3.009000000000
3.570000000000
3.170000000000
3.321000000000
3.192000000000
3.178000000000
3.022000000000
3.215000000000
3.196000000000
3.017000000000
3.349000000000
3.475000000000
3.210000000000
3.472000000000
3.482000000000
3.151000000000
2.816000000000
3.120000000000
3.502000000000
3.475000000000
3.266000000000
3.079000000000
3.281000000000
3.382000000000
3.078000000000
3.319000000000
3.149000000000
3.090000000000
3.247000000000
3.402000000000
3.073000000000
3.006000000000
3.152000000000
3.205000000000
3.219000000000
3.032000000000
3.256000000000
3.062000000000
3.317000000000
3.139000000000
3.153000000000
3.361000000000
3.219000000000
3.321000000000
3.070000000000
2.594000000000
3.377000000000
3.412000000000
3.359000000000
3.499000000000
3.082000000000
3.497000000000
3.328000000000
3.319000000000
3.172000000000
3.191000000000
3.070000000000
3.135000000000
2.664000000000
3.176000000000
3.108000000000
3.174000000000
3.317000000000
3.322000000000
3.463000000000
3.149000000000
3.293000000000
3.093000000000
3.066000000000
3.429000000000
3.092000000000
3.034000000000
3.139000000000
3.429000000000
3.412000000000
3.385000000000
2.768000000000
3.219000000000
3.456000000000
3.077000000000
3.211000000000
3.188000000000
3.311000000000
3.119000000000
3.208000000000
2.987000000000
3.238000000000
3.054000000000
3.093000000000
3.341000000000
2.705000000000
3.365000000000
3.379000000000
3.437000000000
3.351000000000
3.405000000000
3.208000000000
3.103000000000
3.121000000000
3.287000000000
3.171000000000
3.145000000000
3.145000000000
3.194000000000
2.897000000000
3.462000000000
3.136000000000
3.158000000000
3.122000000000
3.243000000000
3.031000000000
3.099000000000
3.111000000000
3.175000000000
3.360000000000
3.322000000000
3.007000000000
3.081000000000
3.324000000000
3.168000000000
3.975000000000
3.259000000000
3.036000000000
2.995000000000
3.137000000000
3.286000000000
3.755000000000
2.503000000000
3.739000000000
3.378000000000
3.315000000000
3.268000000000
3.265000000000
3.275000000000
3.044000000000
3.121000000000
3.449000000000
3.144000000000
3.321000000000
3.098000000000
3.134000000000
3.031000000000
3.773000000000
2.836000000000
4.247000000000
3.677000000000
2.571000000000
2.599000000000
2.578000000000
2.511000000000
2.474000000000
2.478000000000
2.519000000000
2.687000000000
2.732000000000
3.077000000000
2.627000000000
2.608000000000
2.622000000000
2.604000000000
2.605000000000
2.717000000000
2.615000000000
2.643000000000
2.651000000000
2.666000000000
2.687000000000
2.637000000000
2.662000000000
3.853000000000
2.786000000000
2.653000000000
2.597000000000
2.638000000000
2.642000000000
2.756000000000
2.953000000000
2.627000000000
2.724000000000
2.745000000000
2.628000000000
2.596000000000
2.752000000000
2.620000000000
2.729000000000
2.743000000000
2.621000000000
2.832000000000
2.639000000000
2.728000000000
2.720000000000
2.678000000000
3.657000000000
3.704000000000
3.734000000000
2.739000000000
2.655000000000
2.720000000000
3.738000000000
2.659000000000
3.655000000000
2.703000000000
2.641000000000
2.694000000000
2.658000000000
2.637000000000
2.650000000000
2.673000000000
3.511000000000
2.664000000000
2.609000000000
2.711000000000
2.918000000000
2.682000000000
2.649000000000
2.738000000000
2.665000000000
2.940000000000
2.712000000000
2.655000000000
2.753000000000
2.638000000000
2.825000000000
2.700000000000
2.798000000000
2.602000000000
2.636000000000
2.654000000000
3.069000000000
2.764000000000
2.613000000000
2.638000000000
2.590000000000
2.669000000000
2.807000000000
2.703000000000
2.678000000000
2.595000000000
2.634000000000
2.774000000000
2.695000000000
2.671000000000
2.854000000000
2.910000000000
2.836000000000
2.778000000000
2.911000000000
2.659000000000
2.732000000000
2.691000000000
2.818000000000
2.598000000000
2.734000000000
2.604000000000
3.696000000000
2.660000000000
2.667000000000
3.229000000000
2.690000000000
2.705000000000
2.609000000000
2.691000000000
2.658000000000
2.682000000000
2.656000000000
2.729000000000
2.705000000000
2.618000000000
2.664000000000
2.653000000000
2.701000000000
2.662000000000
2.716000000000
2.698000000000
2.738000000000
2.680000000000
2.632000000000
2.656000000000
2.680000000000
2.648000000000
2.645000000000
2.691000000000
2.629000000000
2.699000000000
2.672000000000
2.817000000000
2.779000000000
2.721000000000
2.727000000000
4.058000000000
2.910000000000
2.725000000000
2.703000000000
2.856000000000
2.645000000000
2.652000000000
2.626000000000
2.681000000000
2.775000000000
2.726000000000
2.745000000000
2.638000000000
2.715000000000
2.671000000000
2.674000000000
2.608000000000
2.686000000000
2.692000000000
2.656000000000
2.787000000000
2.684000000000
2.610000000000
3.008000000000
2.648000000000
2.748000000000
2.765000000000
2.614000000000
2.667000000000
2.675000000000
2.847000000000
2.693000000000
2.730000000000
2.762000000000
2.673000000000
2.727000000000
2.712000000000
2.851000000000
2.713000000000
2.686000000000
2.710000000000
2.658000000000
2.620000000000
2.944000000000
2.660000000000
2.680000000000
2.649000000000
2.602000000000
2.708000000000
2.701000000000
2.669000000000
2.971000000000
2.616000000000
2.704000000000
2.719000000000
2.633000000000
3.415000000000
3.998000000000
2.901000000000
2.759000000000
2.697000000000
2.643000000000
2.653000000000
2.869000000000
2.696000000000
2.609000000000
2.618000000000
2.636000000000
2.715000000000
2.663000000000
2.605000000000
2.638000000000
2.739000000000
2.708000000000
2.801000000000
2.745000000000
2.798000000000
2.633000000000
2.622000000000
2.695000000000
2.778000000000
2.648000000000
2.607000000000
2.704000000000
2.733000000000
2.626000000000
2.680000000000
2.788000000000
2.733000000000
2.663000000000
2.632000000000
2.703000000000
2.637000000000
2.600000000000
2.641000000000
2.759000000000
2.709000000000
2.700000000000
2.629000000000
2.696000000000
2.745000000000
2.630000000000
2.692000000000
2.684000000000
2.639000000000
2.793000000000
2.693000000000
2.675000000000
2.644000000000
2.609000000000
2.743000000000
2.747000000000
2.615000000000
2.638000000000
2.734000000000
2.714000000000
2.608000000000
2.654000000000
2.634000000000
2.660000000000
2.762000000000
2.703000000000
2.650000000000
2.623000000000
2.712000000000
2.729000000000
2.631000000000
2.742000000000
2.854000000000
2.641000000000
2.801000000000
2.705000000000
2.599000000000
2.756000000000
2.659000000000
2.731000000000
2.762000000000
2.676000000000
2.774000000000
2.693000000000
2.652000000000
2.878000000000
2.657000000000
2.729000000000
2.651000000000
2.674000000000
2.740000000000
2.617000000000
2.652000000000
2.762000000000
2.710000000000
2.706000000000
2.662000000000
2.669000000000
2.676000000000
2.611000000000
2.681000000000
2.622000000000
2.743000000000
2.672000000000
2.775000000000
2.634000000000
2.645000000000
2.698000000000
2.663000000000
2.734000000000
2.627000000000
2.636000000000
2.638000000000
2.676000000000
2.658000000000
2.693000000000
2.659000000000
2.622000000000
2.624000000000
2.653000000000
2.794000000000
2.699000000000
2.687000000000
2.685000000000
2.692000000000
2.618000000000
2.763000000000
2.625000000000
2.685000000000
2.876000000000
2.598000000000
2.618000000000
2.703000000000
2.620000000000
2.686000000000
2.699000000000
2.717000000000
2.659000000000
2.801000000000
2.757000000000
2.798000000000
2.666000000000
2.627000000000
2.710000000000
2.654000000000
2.655000000000
2.741000000000
2.752000000000
2.698000000000
2.674000000000
2.634000000000
2.634000000000
2.703000000000
2.655000000000
2.683000000000
2.668000000000
2.637000000000
3.612000000000
3.782000000000
2.719000000000
2.647000000000
2.631000000000
2.628000000000
2.663000000000
2.678000000000
2.619000000000
2.678000000000
2.596000000000
2.725000000000
2.767000000000
2.633000000000
2.623000000000
2.684000000000
4.182000000000
2.623000000000
2.711000000000
2.761000000000
2.640000000000
2.697000000000
2.695000000000
2.679000000000
2.655000000000
2.672000000000
2.635000000000
2.727000000000
2.659000000000
2.592000000000
2.614000000000
2.637000000000
2.747000000000
2.631000000000
2.689000000000
2.645000000000
2.650000000000
2.632000000000
2.589000000000
2.668000000000
2.739000000000
2.663000000000
2.730000000000
2.695000000000
2.641000000000
2.590000000000
2.714000000000
2.837000000000
2.655000000000
2.644000000000
2.835000000000
2.710000000000
2.722000000000
2.572000000000
2.583000000000
2.639000000000
2.646000000000
2.764000000000
2.464000000000
2.514000000000
2.490000000000
2.600000000000
2.468000000000
2.522000000000
2.506000000000
2.480000000000
2.530000000000
2.548000000000
2.821000000000
2.496000000000
2.568000000000
2.542000000000
2.472000000000
2.503000000000
2.680000000000
2.530000000000
2.596000000000
2.466000000000
2.556000000000
2.477000000000
2.490000000000
2.499000000000
2.626000000000
2.636000000000
2.520000000000
2.518000000000
2.534000000000
2.647000000000
2.492000000000
2.592000000000
2.486000000000
2.569000000000
2.459000000000
2.447000000000
2.505000000000
2.516000000000
2.482000000000
2.485000000000
2.517000000000
2.508000000000
2.485000000000
2.656000000000
2.579000000000
2.531000000000
2.476000000000
2.495000000000
2.519000000000
2.497000000000
2.490000000000
2.592000000000
2.555000000000
2.474000000000
2.697000000000
2.516000000000
2.526000000000
2.630000000000
2.559000000000
2.572000000000
2.543000000000
2.527000000000
2.496000000000
2.616000000000
2.543000000000
2.525000000000
2.485000000000
2.476000000000
2.506000000000
2.472000000000
