0.317000001669
0.074000000954
0.039999999106
0.045000001788
0.029999999329
0.029999999329
0.029999999329
0.028000000864
0.041999999434
0.041999999434
0.028999999166
0.027000000700
0.017999999225
0.013000000268
0.002000000095
0.000000000000
4.000999927521
4.000999927521
4.000999927521
4.000999927521
4.000999927521
4.000000000000
4.000000000000
4.000999927521
4.000000000000
4.000999927521
0.361000001431
0.000000000000
0.118000000715
0.002000000095
0.100000001490
0.000000000000
0.108000002801
0.001000000047
0.115000002086
0.002000000095
0.097999997437
0.001000000047
0.115000002086
0.000000000000
0.211999997497
0.001000000047
0.114000000060
0.001000000047
0.104000002146
0.001000000047
0.104999996722
0.001000000047
0.104999996722
0.002000000095
0.104000002146
0.000000000000
0.107000000775
0.001000000047
0.101000003517
0.001000000047
0.109999999404
0.001000000047
0.103000000119
0.002000000095
0.100000001490
0.001000000047
0.104999996722
0.001000000047
0.108999997377
0.001000000047
0.104000002146
0.004999999888
0.104000002146
0.001000000047
0.115999996662
0.001000000047
0.204999998212
0.002000000095
0.098999999464
0.001000000047
0.105999998748
0.001000000047
0.126000002027
0.001000000047
0.111000001431
0.000000000000
0.103000000119
0.001000000047
0.107000000775
0.001000000047
0.097999997437
0.002000000095
0.097999997437
0.000000000000
0.108999997377
0.001000000047
0.108999997377
0.000000000000
0.098999999464
0.004999999888
0.104999996722
0.000000000000
0.104000002146
0.000000000000
0.104999996722
0.000000000000
0.104000002146
0.004000000190
0.098999999464
0.000000000000
0.103000000119
0.001000000047
0.104999996722
0.001000000047
0.103000000119
0.001000000047
0.100000001490
0.003000000026
0.107000000775
0.006000000052
0.097999997437
0.002000000095
0.104000002146
0.001000000047
0.101000003517
0.000000000000
0.104000002146
0.001000000047
0.103000000119
0.003000000026
0.100000001490
0.000000000000
0.097999997437
0.001000000047
0.104000002146
0.001000000047
0.103000000119
0.000000000000
0.101999998093
0.002000000095
0.105999998748
0.002000000095
0.199000000954
0.001000000047
0.104999996722
0.002000000095
0.101000003517
0.002000000095
0.109999999404
0.007000000216
0.093000002205
0.001000000047
0.112999998033
0.002000000095
0.101000003517
0.000000000000
0.104000002146
0.000000000000
0.104000002146
0.000000000000
0.128999993205
0.001000000047
0.101000003517
0.000000000000
0.101999998093
0.000000000000
0.101999998093
0.001000000047
0.103000000119
0.000000000000
0.103000000119
0.000000000000
0.104999996722
0.001000000047
0.101999998093
0.000000000000
0.104999996722
0.000000000000
0.109999999404
0.001000000047
0.104000002146
0.000000000000
0.104000002146
0.003000000026
0.104999996722
0.002000000095
0.096000000834
0.000000000000
0.105999998748
0.000000000000
0.104999996722
0.000000000000
0.104000002146
0.001000000047
0.103000000119
0.004999999888
0.097999997437
0.000000000000
0.103000000119
0.000000000000
0.100000001490
0.001000000047
0.104000002146
0.000000000000
0.103000000119
0.001000000047
0.103000000119
0.002000000095
0.216000005603
0.001000000047
0.190999999642
0.000000000000
0.097999997437
0.000000000000
0.104999996722
0.002000000095
0.188999995589
0.000000000000
0.197999998927
0.000000000000
0.104999996722
0.001000000047
0.101000003517
0.001000000047
0.104999996722
0.000000000000
0.097000002861
0.000000000000
0.103000000119
0.000000000000
0.114000000060
0.000000000000
0.104000002146
0.000000000000
0.104000002146
0.000000000000
0.101000003517
0.001000000047
0.107000000775
0.000000000000
0.108999997377
0.002000000095
0.096000000834
0.001000000047
0.101999998093
0.000000000000
0.104000002146
0.001000000047
0.108999997377
0.001000000047
0.108000002801
0.001000000047
0.104000002146
0.001000000047
0.100000001490
0.001000000047
0.098999999464
0.001000000047
0.105999998748
0.001000000047
0.101999998093
0.001000000047
0.103000000119
0.001000000047
0.209999993443
0.003000000026
0.100000001490
0.001000000047
0.101000003517
0.001000000047
0.101999998093
0.004999999888
0.098999999464
0.002000000095
0.096000000834
0.001000000047
0.104000002146
0.002000000095
0.098999999464
0.000000000000
0.104000002146
0.000000000000
0.101999998093
0.004000000190
0.097999997437
0.000000000000
0.100000001490
0.000000000000
0.104999996722
0.000000000000
0.103000000119
0.001000000047
0.108999997377
0.004999999888
0.096000000834
0.001000000047
0.104000002146
0.002000000095
0.101999998093
0.000000000000
0.101999998093
0.001000000047
0.103000000119
0.002000000095
0.098999999464
0.002000000095
0.103000000119
0.000000000000
0.101000003517
0.001000000047
0.103000000119
0.000000000000
0.097999997437
0.000000000000
0.108999997377
0.006000000052
0.100000001490
0.001000000047
0.100000001490
0.000000000000
0.103000000119
0.000000000000
0.104000002146
0.004000000190
0.097000002861
0.001000000047
0.166999995708
0.001000000047
0.103000000119
0.000000000000
0.128000006080
0.000000000000
0.098999999464
0.001000000047
0.109999999404
0.000000000000
0.103000000119
0.002000000095
0.098999999464
0.000000000000
0.103000000119
0.001000000047
0.104000002146
0.000000000000
0.108000002801
0.000000000000
0.104000002146
0.001000000047
0.097999997437
0.002000000095
0.123000003397
0.002000000095
0.089000001550
0.001000000047
0.097999997437
0.001000000047
0.100000001490
0.000000000000
0.101999998093
0.000000000000
0.101999998093
0.001000000047
0.115000002086
0.000000000000
0.094999998808
0.001000000047
0.109999999404
0.002000000095
0.104000002146
0.000000000000
0.103000000119
0.000000000000
0.097000002861
0.001000000047
0.103000000119
0.001000000047
0.111000001431
0.004999999888
0.097000002861
0.000000000000
0.097999997437
0.004000000190
0.097999997437
0.003000000026
0.096000000834
0.001000000047
0.107000000775
0.001000000047
0.100000001490
0.002000000095
0.101000003517
0.000000000000
0.104000002146
0.000000000000
0.202999994159
0.000000000000
0.101000003517
0.001000000047
0.103000000119
0.003000000026
0.097999997437
0.000000000000
0.100000001490
0.000000000000
0.098999999464
0.001000000047
0.104000002146
0.001000000047
0.097999997437
0.001000000047
0.104000002146
0.000000000000
0.109999999404
0.001000000047
0.097000002861
0.003000000026
0.098999999464
0.001000000047
0.101999998093
0.000000000000
0.112999998033
0.002000000095
0.101999998093
0.003000000026
0.097999997437
0.000000000000
0.104000002146
0.003000000026
0.101000003517
0.001000000047
0.098999999464
0.000000000000
0.097000002861
0.001000000047
0.104000002146
0.001000000047
0.097000002861
0.000000000000
0.104000002146
0.004000000190
0.100000001490
0.001000000047
0.097999997437
0.002000000095
0.103000000119
0.001000000047
0.097000002861
0.002000000095
0.098999999464
0.000000000000
0.201000005007
0.001000000047
0.096000000834
0.000000000000
0.104999996722
0.002000000095
0.126000002027
0.000000000000
0.199000000954
0.000000000000
0.097000002861
0.001000000047
0.101000003517
0.001000000047
0.103000000119
0.003000000026
0.101000003517
0.001000000047
0.098999999464
0.001000000047
0.103000000119
0.000000000000
0.103000000119
0.003000000026
0.098999999464
0.000000000000
0.111000001431
0.000000000000
0.103000000119
0.001000000047
0.101000003517
0.004999999888
0.097999997437
0.002000000095
0.097999997437
0.000000000000
0.204999998212
0.001000000047
0.101000003517
0.001000000047
0.097999997437
0.000000000000
0.101999998093
0.000000000000
0.101999998093
0.001000000047
0.103000000119
0.003000000026
0.100000001490
0.001000000047
0.096000000834
0.002000000095
0.097000002861
0.001000000047
0.103000000119
0.001000000047
0.101000003517
0.001000000047
0.097999997437
0.001000000047
0.104999996722
0.001000000047
0.097000002861
0.000000000000
0.100000001490
0.001000000047
0.100000001490
0.003000000026
0.097000002861
0.000000000000
0.100000001490
0.000000000000
0.098999999464
0.001000000047
0.388999998569
0.001000000047
0.109999999404
0.000000000000
0.097999997437
0.000000000000
0.098999999464
0.000000000000
0.145999997854
0.001000000047
0.103000000119
0.000000000000
0.100000001490
0.000000000000
0.178000003099
0.000000000000
0.221000000834
0.000000000000
0.101000003517
0.000000000000
0.104999996722
0.000000000000
0.116999998689
0.000000000000
0.104999996722
0.000000000000
0.108999997377
0.001000000047
0.100000001490
0.001000000047
0.108999997377
0.002000000095
0.104999996722
0.000000000000
0.100000001490
0.001000000047
0.097999997437
0.000000000000
0.101999998093
0.001000000047
0.101000003517
0.000000000000
0.164000004530
0.001000000047
0.097000002861
0.003000000026
0.101000003517
0.001000000047
0.103000000119
0.001000000047
0.105999998748
0.002000000095
0.093999996781
0.000000000000
0.101000003517
0.000000000000
0.105999998748
0.001000000047
0.101000003517
0.000000000000
0.105999998748
0.001000000047
0.097000002861
0.000000000000
0.105999998748
0.002000000095
0.093999996781
0.000000000000
0.101999998093
0.001000000047
0.098999999464
0.000000000000
0.097000002861
0.000000000000
0.159999996424
0.001000000047
0.096000000834
0.000000000000
0.108000002801
0.000000000000
0.096000000834
0.001000000047
0.182999998331
0.003000000026
0.100000001490
0.000000000000
0.199000000954
0.000000000000
0.202999994159
0.000000000000
0.101999998093
0.001000000047
0.101999998093
0.000000000000
0.199000000954
0.002000000095
0.101999998093
0.000000000000
0.105999998748
0.000000000000
0.104999996722
0.006000000052
0.094999998808
0.002000000095
0.096000000834
0.003000000026
0.104999996722
0.002000000095
0.202000007033
0.001000000047
0.104999996722
0.000000000000
0.101000003517
0.002000000095
0.100000001490
0.006000000052
0.098999999464
0.000000000000
0.105999998748
0.002000000095
0.185000002384
0.001000000047
0.104999996722
0.003000000026
0.096000000834
0.000000000000
0.104000002146
0.001000000047
0.100000001490
0.000000000000
0.100000001490
0.000000000000
0.103000000119
0.004999999888
0.096000000834
0.000000000000
0.100000001490
0.000000000000
0.104999996722
0.003000000026
0.101999998093
0.001000000047
0.101999998093
0.000000000000
0.104000002146
0.000000000000
0.101999998093
0.000000000000
0.101000003517
0.000000000000
0.098999999464
0.000000000000
0.125000000000
0.001000000047
0.100000001490
0.000000000000
0.252000004053
0.009999999776
0.093999996781
0.004000000190
0.101999998093
0.003000000026
0.098999999464
0.004000000190
0.100000001490
0.000000000000
0.103000000119
0.001000000047
0.097999997437
0.000000000000
0.107000000775
0.000000000000
0.100000001490
0.001000000047
0.186000004411
0.003000000026
0.096000000834
0.000000000000
0.103000000119
0.001000000047
0.098999999464
0.001000000047
0.101999998093
0.000000000000
0.109999999404
0.002000000095
0.101000003517
0.002000000095
0.101999998093
0.002000000095
0.097999997437
0.000000000000
0.101999998093
0.000000000000
0.103000000119
0.002000000095
0.101000003517
0.000000000000
0.098999999464
0.003000000026
0.098999999464
0.004000000190
0.101000003517
0.000000000000
0.098999999464
0.001000000047
0.100000001490
0.002000000095
0.098999999464
0.000000000000
0.100000001490
0.000000000000
0.103000000119
0.000000000000
0.212999999523
0.000000000000
0.006000000052
0.104999996722
0.002000000095
0.202000007033
0.002000000095
0.096000000834
0.002000000095
0.100000001490
0.001000000047
0.201000005007
0.000000000000
0.108000002801
0.001000000047
0.200000002980
0.001000000047
0.101000003517
0.000000000000
0.108000002801
0.000000000000
0.202999994159
0.000000000000
0.196999996901
0.003000000026
0.100000001490
0.000000000000
0.197999998927
0.000000000000
0.100000001490
0.000000000000
0.101999998093
0.000000000000
0.101000003517
0.000000000000
0.103000000119
0.001000000047
0.101000003517
0.001000000047
0.101000003517
0.001000000047
0.098999999464
0.006000000052
0.101999998093
0.001000000047
0.104999996722
0.001000000047
0.103000000119
0.001000000047
0.098999999464
0.001000000047
0.097999997437
0.001000000047
0.109999999404
0.001000000047
0.100000001490
0.000000000000
0.098999999464
0.004000000190
0.100000001490
0.003000000026
0.101000003517
0.003000000026
0.098999999464
0.002000000095
0.197999998927
0.001000000047
0.112000003457
0.001000000047
0.098999999464
0.000000000000
0.101999998093
0.001000000047
0.101999998093
0.004999999888
0.100000001490
0.000000000000
0.101999998093
0.002000000095
0.111000001431
0.001000000047
0.100000001490
0.001000000047
0.098999999464
0.000000000000
0.202000007033
0.001000000047
0.101000003517
0.000000000000
0.101000003517
0.000000000000
0.104999996722
0.000000000000
0.098999999464
0.000000000000
0.101999998093
0.001000000047
0.104999996722
0.001000000047
0.109999999404
0.001000000047
0.098999999464
0.000000000000
0.112000003457
0.004000000190
0.098999999464
0.000000000000
0.097999997437
0.001000000047
0.103000000119
0.000000000000
0.101000003517
0.001000000047
0.103000000119
0.001000000047
0.105999998748
0.003000000026
0.098999999464
0.000000000000
0.108000002801
0.000000000000
0.101000003517
0.000000000000
0.104999996722
0.000000000000
0.103000000119
0.000000000000
0.103000000119
0.000000000000
0.101999998093
0.000000000000
0.103000000119
0.003000000026
0.094999998808
0.001000000047
0.104000002146
0.000000000000
0.202000007033
0.000000000000
0.100000001490
0.002000000095
0.098999999464
0.000000000000
0.104999996722
0.002000000095
0.135000005364
0.001000000047
0.097999997437
0.001000000047
0.103000000119
0.002000000095
0.103000000119
0.002000000095
0.105999998748
0.001000000047
0.103000000119
0.000000000000
0.108000002801
0.000000000000
0.101000003517
0.003000000026
0.101000003517
0.001000000047
0.101000003517
0.000000000000
0.097999997437
0.000000000000
0.104999996722
0.000000000000
0.098999999464
0.000000000000
0.101000003517
0.000000000000
0.109999999404
0.001000000047
0.097999997437
0.001000000047
0.101999998093
0.003000000026
0.103000000119
0.000000000000
0.100000001490
0.001000000047
0.101000003517
0.003000000026
0.097999997437
0.001000000047
0.103000000119
0.000000000000
0.101999998093
0.001000000047
0.101000003517
0.000000000000
0.187999993563
0.001000000047
0.094999998808
0.001000000047
0.101000003517
0.000000000000
0.101999998093
0.002000000095
0.097999997437
0.003000000026
0.098999999464
0.000000000000
0.104000002146
0.002000000095
0.100000001490
0.002000000095
0.104000002146
0.001000000047
0.202000007033
0.002000000095
0.187000006437
0.000000000000
0.115999996662
0.004000000190
0.097999997437
0.000000000000
0.104999996722
0.004000000190
0.097999997437
0.006000000052
0.100000001490
0.001000000047
0.201000005007
0.000000000000
0.104000002146
0.000000000000
0.101000003517
0.002000000095
0.097999997437
0.000000000000
0.104000002146
0.001000000047
0.098999999464
0.001000000047
0.104999996722
0.002000000095
0.101000003517
0.001000000047
0.204999998212
0.002000000095
0.097999997437
0.001000000047
0.098999999464
0.000000000000
0.098999999464
0.000000000000
0.103000000119
0.002000000095
0.101999998093
0.006000000052
0.101000003517
0.000000000000
0.104000002146
0.001000000047
0.098999999464
0.000000000000
0.107000000775
0.003000000026
0.093999996781
0.002000000095
0.101999998093
0.003000000026
0.100000001490
0.004000000190
0.105999998748
0.000000000000
0.201000005007
0.000000000000
0.109999999404
0.001000000047
0.108000002801
0.002000000095
0.104999996722
0.001000000047
0.096000000834
0.000000000000
0.105999998748
0.002000000095
0.101000003517
0.001000000047
0.101000003517
0.003000000026
0.104000002146
0.001000000047
0.130999997258
0.006000000052
0.094999998808
0.000000000000
0.100000001490
0.000000000000
0.101999998093
0.000000000000
0.098999999464
0.000000000000
0.159999996424
0.000000000000
0.211999997497
0.000000000000
0.223000004888
0.000000000000
1.437000036240
0.000000000000
0.098999999464
0.000000000000
0.289999991655
0.000000000000
0.109999999404
0.001000000047
0.108000002801
0.004000000190
0.197999998927
0.001000000047
0.172000005841
0.000000000000
0.542999982834
0.000000000000
0.230000004172
0.001000000047
0.101999998093
0.000000000000
0.114000000060
0.000000000000
0.112999998033
0.001000000047
0.184000000358
0.001000000047
0.404000014067
0.000000000000
0.103000000119
0.001000000047
0.393999993801
0.002000000095
0.101999998093
0.004000000190
0.097999997437
0.000000000000
0.149000003934
0.000000000000
0.101999998093
0.000000000000
0.150999993086
0.000000000000
0.098999999464
0.000000000000
0.128000006080
0.000000000000
0.119000002742
0.000000000000
0.105999998748
0.000000000000
0.141000002623
0.001000000047
0.098999999464
0.001000000047
0.097000002861
0.000000000000
0.101999998093
0.000000000000
0.280999988317
0.001000000047
0.104999996722
0.000000000000
0.195999994874
0.000000000000
0.105999998748
0.000000000000
0.101999998093
0.003000000026
0.100000001490
0.001000000047
0.097000002861
0.001000000047
0.104000002146
0.000000000000
0.103000000119
0.000000000000
0.104000002146
0.001000000047
0.098999999464
0.001000000047
0.098999999464
0.001000000047
0.105999998748
0.000000000000
0.109999999404
0.001000000047
0.175999999046
0.000000000000
0.098999999464
0.000000000000
0.108999997377
0.000000000000
0.193000003695
0.000000000000
0.263000011444
0.000000000000
0.137999996543
0.000000000000
0.120999999344
0.000000000000
0.097999997437
0.002000000095
0.101000003517
0.000000000000
0.101999998093
0.007000000216
0.122000001371
0.002000000095
0.098999999464
0.000000000000
0.173999994993
0.004999999888
0.103000000119
0.001000000047
0.103000000119
0.000000000000
0.273999989033
0.000000000000
0.108999997377
0.000000000000
0.143000006676
0.000000000000
0.098999999464
0.000000000000
0.125000000000
0.000000000000
0.170000001788
0.000000000000
0.101000003517
0.003000000026
0.185000002384
0.001000000047
0.199000000954
0.000000000000
0.108999997377
0.000000000000
0.119000002742
0.000000000000
0.114000000060
0.004000000190
0.097000002861
0.000000000000
0.101999998093
0.000000000000
0.233999997377
0.000000000000
0.164000004530
0.001000000047
0.103000000119
0.000000000000
0.098999999464
0.000000000000
0.104000002146
0.000000000000
0.105999998748
0.000000000000
0.172000005841
0.001000000047
0.103000000119
0.000000000000
0.153999999166
0.003000000026
0.172999992967
0.000000000000
0.303999990225
0.000000000000
0.209999993443
0.002000000095
0.203999996185
0.001000000047
0.263999998569
0.000000000000
0.324000000954
0.000000000000
0.477999985218
0.000000000000
0.186000004411
0.000000000000
1.488000035286
0.000000000000
0.200000002980
0.000000000000
0.280000001192
0.000000000000
0.899999976158
0.000000000000
0.230000004172
0.000000000000
0.100000001490
0.000000000000
0.368999987841
0.000000000000
0.232999995351
0.000000000000
1.202999949455
0.000000000000
0.136999994516
0.000000000000
0.275000005960
0.000000000000
0.136000007391
0.001000000047
0.451999992132
0.000000000000
0.259999990463
0.000000000000
1.090000033379
0.000000000000
0.485000014305
0.000000000000
0.114000000060
0.001000000047
0.125000000000
0.002000000095
0.101999998093
0.000000000000
0.100000001490
0.000000000000
0.465000003576
0.001000000047
0.098999999464
0.000000000000
0.222000002861
0.001000000047
0.108000002801
0.002000000095
0.202000007033
0.001000000047
0.210999995470
0.000000000000
0.104999996722
0.000000000000
0.098999999464
0.003000000026
0.101000003517
0.000000000000
0.100000001490
0.002000000095
0.104000002146
0.000000000000
0.104999996722
0.000000000000
0.194999992847
0.000000000000
0.136000007391
0.000000000000
0.135000005364
0.003000000026
0.097999997437
0.001000000047
0.270000010729
0.000000000000
0.103000000119
0.000000000000
0.105999998748
0.000000000000
0.111000001431
0.000000000000
0.158999994397
0.003000000026
0.097999997437
0.000000000000
0.116999998689
0.000000000000
0.157000005245
0.000000000000
0.141000002623
0.001000000047
0.114000000060
0.000000000000
0.146999999881
0.001000000047
0.143000006676
0.000000000000
0.108000002801
0.001000000047
0.195999994874
0.000000000000
0.101000003517
0.001000000047
0.097999997437
0.001000000047
0.101000003517
0.004999999888
0.193000003695
0.001000000047
0.098999999464
0.001000000047
0.156000003219
0.004000000190
0.119000002742
0.002000000095
0.167999997735
0.001000000047
0.101000003517
0.000000000000
0.103000000119
0.001000000047
0.135000005364
0.001000000047
0.097999997437
0.000000000000
0.104000002146
0.001000000047
0.101000003517
0.000000000000
0.100000001490
0.001000000047
0.172999992967
0.001000000047
0.142000004649
0.001000000047
0.097999997437
0.000000000000
0.114000000060
0.000000000000
0.128999993205
0.000000000000
0.097999997437
0.000000000000
0.108999997377
0.000000000000
0.103000000119
0.001000000047
0.111000001431
0.001000000047
0.100000001490
0.000000000000
0.208000004292
0.004000000190
0.103000000119
0.001000000047
0.097000002861
0.001000000047
0.101999998093
0.001000000047
0.127000004053
0.001000000047
0.101000003517
0.000000000000
0.103000000119
0.000000000000
0.098999999464
0.000000000000
0.130999997258
0.002000000095
0.103000000119
0.000000000000
0.098999999464
0.000000000000
0.097000002861
0.002000000095
0.104000002146
0.000000000000
0.103000000119
0.000000000000
0.108000002801
0.000000000000
0.097999997437
0.001000000047
0.104999996722
0.003000000026
0.100000001490
0.001000000047
0.100000001490
0.001000000047
0.096000000834
0.004000000190
0.096000000834
0.000000000000
0.108000002801
0.001000000047
0.141000002623
0.000000000000
0.181999996305
0.003000000026
0.104000002146
0.001000000047
0.200000002980
0.000000000000
0.104000002146
0.003000000026
0.190999999642
0.003000000026
0.098999999464
0.002000000095
0.104999996722
0.000000000000
0.101999998093
0.004000000190
0.097000002861
0.000000000000
0.177000001073
0.001000000047
0.108000002801
0.004999999888
0.098999999464
0.001000000047
0.097000002861
0.007000000216
0.097999997437
0.002000000095
0.097999997437
0.000000000000
0.097000002861
0.001000000047
0.097000002861
0.000000000000
0.104999996722
0.001000000047
0.101000003517
0.002000000095
0.109999999404
0.000000000000
0.112999998033
0.001000000047
0.098999999464
0.001000000047
0.101000003517
0.003000000026
0.097999997437
0.000000000000
0.101000003517
0.002000000095
0.167999997735
0.003000000026
0.097000002861
0.000000000000
0.104999996722
0.000000000000
0.101999998093
0.001000000047
0.100000001490
0.001000000047
0.104999996722
0.000000000000
0.109999999404
0.003000000026
0.103000000119
0.001000000047
0.097999997437
0.000000000000
0.101000003517
0.001000000047
0.104000002146
0.003000000026
0.097999997437
0.001000000047
0.103000000119
0.002000000095
0.101000003517
0.000000000000
0.104000002146
0.002000000095
0.101000003517
0.001000000047
0.144999995828
0.000000000000
0.096000000834
0.000000000000
0.100000001490
0.000000000000
0.115000002086
0.000000000000
0.097000002861
0.001000000047
0.104000002146
0.001000000047
0.101000003517
0.000000000000
0.101999998093
0.001000000047
0.104000002146
0.001000000047
0.097999997437
0.001000000047
0.098999999464
0.000000000000
0.105999998748
0.004000000190
0.097000002861
0.000000000000
0.098999999464
0.000000000000
0.104000002146
0.003000000026
0.196999996901
0.002000000095
0.104000002146
0.000000000000
0.150999993086
0.002000000095
0.108999997377
0.001000000047
0.101999998093
0.001000000047
0.104000002146
0.001000000047
0.103000000119
0.000000000000
0.100000001490
0.001000000047
0.094999998808
0.001000000047
0.101000003517
0.002000000095
0.136000007391
0.001000000047
0.097000002861
0.000000000000
0.096000000834
0.000000000000
0.101000003517
0.001000000047
0.101999998093
0.000000000000
0.098999999464
0.001000000047
0.107000000775
0.000000000000
0.097000002861
0.004999999888
0.096000000834
0.001000000047
0.100000001490
0.000000000000
0.111000001431
0.006000000052
0.094999998808
0.000000000000
0.108999997377
0.002000000095
0.093999996781
0.000000000000
0.104000002146
0.001000000047
0.128000006080
0.000000000000
0.004000000190
0.101000003517
0.000000000000
0.177000001073
0.000000000000
0.172999992967
0.001000000047
0.166999995708
0.000000000000
0.123999997973
0.000000000000
0.105999998748
0.000000000000
0.214000001550
0.000000000000
0.098999999464
0.001000000047
0.231000006199
0.000000000000
0.197999998927
0.001000000047
0.404000014067
0.001000000047
0.194000005722
0.001000000047
1.702000021935
0.003000000026
0.212999999523
0.000000000000
0.374000012875
0.000000000000
0.116999998689
0.001000000047
0.172000005841
0.000000000000
0.142000004649
0.000000000000
0.118000000715
0.000000000000
0.101999998093
0.000000000000
0.119999997318
0.000000000000
0.182999998331
0.000000000000
0.151999995112
0.000000000000
0.177000001073
0.000000000000
0.137999996543
0.000000000000
0.202999994159
0.001000000047
0.136000007391
0.001000000047
0.098999999464
0.002000000095
0.203999996185
0.002000000095
0.101000003517
0.001000000047
0.104999996722
0.012000000104
0.093000002205
0.004000000190
0.096000000834
0.004000000190
0.114000000060
0.000000000000
0.207000002265
0.001000000047
0.098999999464
0.000000000000
0.098999999464
0.000000000000
0.108999997377
0.001000000047
0.103000000119
0.001000000047
0.104000002146
0.007000000216
0.098999999464
0.003000000026
0.093000002205
0.001000000047
0.104000002146
0.007000000216
0.101999998093
0.003000000026
0.101999998093
0.003000000026
0.105999998748
0.004999999888
0.101999998093
0.003000000026
0.098999999464
0.000000000000
0.200000002980
0.007000000216
0.098999999464
0.001000000047
0.107000000775
0.003000000026
0.192000001669
0.003000000026
0.104000002146
0.001000000047
0.112999998033
0.003000000026
0.098999999464
0.001000000047
0.104000002146
0.000000000000
0.104000002146
0.000000000000
0.101999998093
0.001000000047
0.101000003517
0.003000000026
0.196999996901
0.000000000000
0.101000003517
0.003000000026
0.101000003517
0.001000000047
0.098999999464
0.000000000000
0.107000000775
0.004000000190
0.103000000119
0.002000000095
0.104000002146
0.001000000047
0.109999999404
0.002000000095
0.101999998093
0.002000000095
0.109999999404
0.004999999888
0.192000001669
0.000000000000
0.100000001490
0.004000000190
0.093999996781
0.000000000000
0.104000002146
0.001000000047
0.119999997318
0.003000000026
0.090999998152
0.003000000026
0.100000001490
0.000000000000
0.203999996185
0.008999999613
0.089000001550
0.000000000000
0.112000003457
0.007000000216
0.094999998808
0.002000000095
0.105999998748
0.004000000190
0.104999996722
0.006000000052
0.096000000834
0.001000000047
0.194999992847
0.000000000000
0.104999996722
0.002000000095
0.101999998093
0.001000000047
0.098999999464
0.002000000095
0.101999998093
0.003000000026
0.128999993205
0.000000000000
0.112999998033
0.000000000000
0.204999998212
0.001000000047
0.100000001490
0.000000000000
0.105999998748
0.000000000000
0.108000002801
0.000000000000
0.101000003517
0.001000000047
0.109999999404
0.008999999613
0.097999997437
0.001000000047
0.196999996901
0.000000000000
0.101999998093
0.000000000000
0.202000007033
0.000000000000
0.104999996722
0.003000000026
0.193000003695
0.000000000000
0.101000003517
0.000000000000
0.108999997377
0.000000000000
0.101999998093
0.002000000095
0.104999996722
0.000000000000
0.100000001490
0.001000000047
0.101999998093
0.000000000000
0.097000002861
0.002000000095
0.096000000834
0.001000000047
0.111000001431
0.010999999940
0.082999996841
0.004000000190
0.125000000000
0.000000000000
0.202999994159
0.008000000380
0.207000002265
0.000000000000
0.202000007033
0.003000000026
0.097999997437
0.000000000000
0.096000000834
0.007000000216
0.097999997437
0.002000000095
0.101000003517
0.000000000000
0.107000000775
0.008999999613
0.097999997437
0.000000000000
0.204999998212
0.000000000000
0.101999998093
0.001000000047
0.108000002801
0.000000000000
0.104999996722
0.004999999888
0.115000002086
0.000000000000
0.098999999464
0.001000000047
0.097000002861
0.002000000095
0.194000005722
0.006000000052
0.094999998808
0.001000000047
0.104999996722
0.001000000047
0.104000002146
0.004000000190
0.109999999404
0.004000000190
0.100000001490
0.001000000047
0.201000005007
0.001000000047
0.104999996722
0.001000000047
0.111000001431
0.006000000052
0.109999999404
0.003000000026
0.109999999404
0.001000000047
0.101999998093
0.000000000000
0.108000002801
0.002000000095
0.194000005722
0.000000000000
0.209999993443
0.001000000047
0.209999993443
0.001000000047
0.107000000775
0.004999999888
0.103000000119
0.001000000047
0.094999998808
0.002000000095
0.104000002146
0.001000000047
0.101000003517
0.006000000052
0.097999997437
0.007000000216
0.098999999464
0.002000000095
0.097999997437
0.000000000000
0.104000002146
0.001000000047
0.098999999464
0.000000000000
0.134000003338
0.001000000047
0.108000002801
0.001000000047
0.137999996543
0.000000000000
0.112000003457
0.000000000000
0.101000003517
0.000000000000
0.101999998093
0.001000000047
0.146999999881
0.000000000000
0.150000005960
0.000000000000
0.107000000775
0.000000000000
0.109999999404
0.008999999613
0.090999998152
0.001000000047
0.097999997437
0.000000000000
0.111000001431
0.001000000047
0.097999997437
0.000000000000
0.111000001431
0.004999999888
0.104000002146
0.000000000000
0.097999997437
0.000000000000
0.112999998033
0.001000000047
0.101000003517
0.000000000000
0.118000000715
0.001000000047
0.200000002980
0.000000000000
0.101999998093
0.002000000095
0.104999996722
0.000000000000
0.101999998093
0.001000000047
0.135000005364
0.000000000000
0.103000000119
0.001000000047
0.107000000775
0.002000000095
0.100000001490
0.007000000216
0.090999998152
0.000000000000
0.108000002801
0.001000000047
0.199000000954
0.000000000000
0.101999998093
0.001000000047
0.105999998748
0.001000000047
0.114000000060
0.001000000047
0.103000000119
0.002000000095
0.103000000119
0.002000000095
0.202000007033
0.008000000380
0.097000002861
0.004999999888
0.206000000238
0.002000000095
0.101999998093
0.001000000047
0.103000000119
0.001000000047
0.094999998808
0.001000000047
0.166999995708
0.001000000047
0.104000002146
0.001000000047
0.107000000775
0.001000000047
0.097000002861
0.000000000000
0.100000001490
0.001000000047
0.097999997437
0.004999999888
0.097000002861
0.002000000095
0.100000001490
0.000000000000
0.204999998212
0.000000000000
0.097999997437
0.000000000000
0.103000000119
0.000000000000
0.100000001490
0.001000000047
0.104999996722
0.002000000095
0.108000002801
0.002000000095
0.093999996781
0.002000000095
0.104999996722
0.001000000047
0.097999997437
0.000000000000
0.098999999464
0.004999999888
0.101999998093
0.006000000052
0.093000002205
0.002000000095
0.104999996722
0.000000000000
0.101999998093
0.001000000047
0.192000001669
0.002000000095
0.187999993563
0.000000000000
0.115999996662
0.000000000000
0.101999998093
0.002000000095
0.103000000119
0.000000000000
0.107000000775
0.000000000000
0.189999997616
0.002000000095
0.101999998093
0.002000000095
0.104999996722
0.001000000047
0.104999996722
0.001000000047
0.097999997437
0.002000000095
0.104000002146
0.004000000190
0.093000002205
0.001000000047
0.105999998748
0.000000000000
0.103000000119
0.001000000047
0.246000006795
0.000000000000
0.101999998093
0.000000000000
0.192000001669
0.000000000000
0.108999997377
0.000000000000
0.100000001490
0.000000000000
0.119999997318
0.000000000000
0.300000011921
0.000000000000
0.405999988317
0.000000000000
0.097000002861
0.000000000000
0.109999999404
0.002000000095
0.114000000060
0.001000000047
0.101000003517
0.000000000000
0.104000002146
0.003000000026
0.104999996722
0.001000000047
0.101999998093
0.001000000047
0.098999999464
0.004999999888
0.090999998152
0.002000000095
0.109999999404
0.001000000047
0.103000000119
0.001000000047
0.104999996722
0.004999999888
0.108999997377
0.003000000026
0.094999998808
0.004000000190
0.097000002861
0.000000000000
0.118000000715
0.004999999888
0.098999999464
0.000000000000
0.100000001490
0.001000000047
0.107000000775
0.000000000000
0.097000002861
0.001000000047
0.108000002801
0.004000000190
0.097999997437
0.001000000047
0.098999999464
0.000000000000
0.109999999404
0.001000000047
0.097999997437
0.003000000026
0.107000000775
0.001000000047
0.105999998748
0.006000000052
0.101999998093
0.003000000026
0.201000005007
0.003000000026
0.103000000119
0.004999999888
0.093000002205
0.000000000000
0.116999998689
0.003000000026
0.100000001490
0.000000000000
0.101000003517
0.002000000095
0.097000002861
0.000000000000
0.112999998033
0.004000000190
0.104999996722
0.000000000000
0.098999999464
0.004000000190
0.103000000119
0.001000000047
0.101000003517
0.008999999613
0.104000002146
0.000000000000
0.209999993443
0.001000000047
0.208000004292
0.004999999888
0.101999998093
0.003000000026
0.197999998927
0.006000000052
0.094999998808
0.000000000000
0.108000002801
0.002000000095
0.101999998093
0.000000000000
0.101999998093
0.002000000095
0.104000002146
0.002000000095
0.104999996722
0.001000000047
0.096000000834
0.000000000000
0.196999996901
0.000000000000
0.101000003517
0.000000000000
0.100000001490
0.012000000104
0.093999996781
0.000000000000
0.101999998093
0.006000000052
0.210999995470
0.000000000000
0.097999997437
0.002000000095
0.118000000715
0.001000000047
0.145999997854
0.000000000000
0.104000002146
0.001000000047
0.114000000060
0.002000000095
0.107000000775
0.000000000000
0.215000003576
0.001000000047
0.104999996722
0.006000000052
0.103000000119
0.001000000047
0.104999996722
0.323000013828
0.026000000536
0.105999998748
0.001000000047
0.100000001490
0.000000000000
0.103000000119
1.672000050545
0.000000000000
0.104000002146
0.000000000000
0.096000000834
0.000000000000
0.098999999464
0.002000000095
0.098999999464
0.000000000000
0.103000000119
0.001000000047
0.101000003517
0.001000000047
0.097999997437
0.001000000047
0.108000002801
0.006000000052
0.101000003517
0.000000000000
0.101999998093
0.000000000000
0.122000001371
0.129999995232
0.002000000095
0.097999997437
0.001000000047
0.126000002027
0.001000000047
0.097999997437
0.000000000000
0.133000001311
0.000000000000
0.335000008345
0.000000000000
0.101000003517
0.001000000047
0.104999996722
0.002000000095
0.097999997437
0.000000000000
0.104999996722
0.003000000026
0.098999999464
0.000000000000
0.105999998748
0.004000000190
0.101999998093
0.001000000047
1.519999980927
0.002000000095
0.098999999464
0.001000000047
0.103000000119
0.004000000190
0.100000001490
0.001000000047
0.101000003517
0.001000000047
0.194000005722
0.001000000047
0.104999996722
0.001000000047
0.100000001490
0.004000000190
0.096000000834
0.002000000095
0.104999996722
0.001000000047
0.103000000119
0.001000000047
0.194999992847
0.001000000047
0.103000000119
0.000000000000
0.104000002146
0.001000000047
0.108000002801
0.000000000000
0.172999992967
0.001000000047
0.098999999464
0.001000000047
0.111000001431
0.003000000026
0.123000003397
0.001000000047
0.108000002801
0.001000000047
0.101999998093
0.001000000047
0.101999998093
0.001000000047
0.097999997437
0.000000000000
0.144999995828
0.002000000095
0.203999996185
0.001000000047
0.197999998927
0.002000000095
0.097999997437
0.002000000095
0.098999999464
0.001000000047
0.101999998093
0.000000000000
0.430000007153
0.002000000095
0.101000003517
0.002000000095
0.098999999464
0.001000000047
0.098999999464
0.003000000026
0.096000000834
0.002000000095
0.097999997437
0.001000000047
0.097000002861
0.001000000047
0.098999999464
0.000000000000
0.100000001490
0.001000000047
0.192000001669
0.001000000047
0.096000000834
0.001000000047
0.097999997437
0.000000000000
0.098999999464
0.000000000000
0.101999998093
0.002000000095
0.097999997437
0.002000000095
0.104000002146
0.002000000095
0.103000000119
0.006000000052
0.098999999464
0.000000000000
0.221000000834
0.000000000000
0.097000002861
0.001000000047
0.098999999464
0.001000000047
0.100000001490
0.001000000047
0.103000000119
0.000000000000
0.097000002861
0.001000000047
0.144999995828
0.000000000000
0.103000000119
0.000000000000
0.103000000119
0.000000000000
0.107000000775
0.004999999888
0.098999999464
0.001000000047
0.097999997437
0.001000000047
0.098999999464
0.001000000047
0.098999999464
0.001000000047
0.097000002861
0.000000000000
0.104000002146
0.000000000000
0.123999997973
0.006000000052
0.098999999464
0.000000000000
0.238999992609
0.000000000000
0.104999996722
0.000000000000
0.097999997437
0.002000000095
0.165000006557
0.003000000026
0.094999998808
0.001000000047
0.101000003517
0.001000000047
0.107000000775
0.001000000047
0.094999998808
0.001000000047
0.101999998093
0.003000000026
0.097000002861
0.000000000000
0.104999996722
0.000000000000
0.103000000119
0.001000000047
0.105999998748
0.002000000095
0.093999996781
0.000000000000
0.104000002146
0.001000000047
0.104000002146
0.001000000047
0.104000002146
0.004000000190
0.098999999464
0.000000000000
0.233999997377
0.000000000000
0.119999997318
0.000000000000
0.098999999464
0.001000000047
0.104000002146
0.001000000047
0.104000002146
0.001000000047
0.101999998093
0.000000000000
0.098999999464
0.001000000047
0.104000002146
0.001000000047
0.101999998093
0.000000000000
0.104000002146
0.000000000000
0.098999999464
0.002000000095
0.104999996722
0.000000000000
0.100000001490
0.000000000000
0.100000001490
0.001000000047
0.105999998748
0.000000000000
0.097000002861
0.001000000047
0.097999997437
0.001000000047
0.101000003517
0.000000000000
0.101999998093
0.001000000047
0.167999997735
0.001000000047
0.101000003517
0.001000000047
0.097999997437
0.000000000000
0.104000002146
0.000000000000
0.104000002146
0.001000000047
0.101000003517
0.004000000190
0.100000001490
0.001000000047
0.002000000095
0.097999997437
0.001000000047
0.097000002861
0.001000000047
0.101999998093
0.001000000047
0.105999998748
0.004000000190
0.097000002861
0.001000000047
0.096000000834
0.000000000000
0.104000002146
0.000000000000
0.149000003934
0.000000000000
0.104000002146
0.000000000000
0.097999997437
0.000000000000
0.354000002146
0.000000000000
0.101999998093
0.002000000095
0.098999999464
0.000000000000
0.096000000834
0.000000000000
0.101000003517
0.000000000000
0.101999998093
0.001000000047
0.098999999464
0.003000000026
0.097999997437
0.000000000000
0.097999997437
0.000000000000
0.100000001490
0.001000000047
1.460999965668
0.001000000047
0.101000003517
0.001000000047
1.707000017166
0.000000000000
0.103000000119
0.001000000047
0.101999998093
0.002000000095
0.107000000775
0.001000000047
0.202999994159
0.001000000047
0.098999999464
0.000000000000
1.365000009537
0.000000000000
0.101999998093
0.001000000047
0.105999998748
0.001000000047
0.100000001490
0.002000000095
0.103000000119
0.001000000047
0.101000003517
0.000000000000
0.103000000119
0.001000000047
0.097999997437
0.001000000047
0.104999996722
0.000000000000
0.109999999404
0.000000000000
0.107000000775
0.003000000026
0.097999997437
0.004999999888
0.104999996722
0.003000000026
0.203999996185
0.007000000216
0.094999998808
0.001000000047
0.456000000238
0.000000000000
0.104999996722
0.000000000000
0.098999999464
0.002000000095
0.105999998748
0.004000000190
0.207000002265
0.001000000047
0.115000002086
0.002000000095
0.100000001490
0.000000000000
0.100000001490
0.003000000026
0.100000001490
0.002000000095
0.103000000119
0.001000000047
0.097000002861
0.001000000047
0.103000000119
0.000000000000
0.104999996722
0.008999999613
0.112999998033
0.003000000026
0.190999999642
0.003000000026
0.101999998093
0.002000000095
0.104999996722
0.004000000190
0.101999998093
0.004000000190
0.187999993563
0.003000000026
0.101000003517
0.000000000000
0.200000002980
0.000000000000
0.103000000119
0.001000000047
0.101000003517
0.000000000000
0.103000000119
0.003000000026
0.097000002861
0.000000000000
0.186000004411
0.003000000026
0.114000000060
0.001000000047
0.190999999642
0.001000000047
0.107000000775
0.001000000047
0.133000001311
0.004000000190
0.101999998093
0.001000000047
0.098999999464
0.001000000047
0.218999996781
0.000000000000
0.098999999464
0.003000000026
0.104000002146
0.000000000000
0.103000000119
0.004999999888
0.090000003576
0.001000000047
0.111000001431
0.000000000000
0.107000000775
0.001000000047
0.098999999464
0.001000000047
0.108000002801
0.007000000216
0.097000002861
0.003000000026
0.206000000238
0.000000000000
0.118000000715
0.001000000047
0.101999998093
0.004999999888
0.097999997437
0.003000000026
0.129999995232
0.001000000047
0.104000002146
0.001000000047
0.101000003517
0.001000000047
0.104999996722
0.009999999776
0.097999997437
0.000000000000
0.196999996901
0.004000000190
0.111000001431
0.001000000047
0.101999998093
0.002000000095
0.103000000119
0.000000000000
0.100000001490
0.002000000095
0.098999999464
0.000000000000
0.101000003517
0.001000000047
0.104000002146
0.003000000026
0.103000000119
0.001000000047
0.097999997437
0.003000000026
0.104000002146
0.000000000000
0.104999996722
0.004000000190
0.093000002205
0.004000000190
0.104000002146
0.008000000380
0.187999993563
0.001000000047
0.098999999464
0.000000000000
0.200000002980
0.000000000000
0.105999998748
0.002000000095
0.104999996722
0.000000000000
0.108999997377
0.001000000047
0.101999998093
0.004000000190
0.096000000834
0.003000000026
0.100000001490
0.000000000000
0.115000002086
0.008000000380
0.083999998868
0.003000000026
0.101000003517
0.002000000095
0.103000000119
0.002000000095
0.098999999464
0.000000000000
0.114000000060
0.001000000047
0.087999999523
0.000000000000
0.100000001490
0.001000000047
0.105999998748
0.001000000047
0.097999997437
0.000000000000
0.104000002146
0.002000000095
0.105999998748
0.008000000380
0.090000003576
0.000000000000
0.112000003457
0.001000000047
0.104999996722
0.004000000190
0.101999998093
0.001000000047
0.195999994874
0.000000000000
0.101000003517
0.000000000000
0.109999999404
0.000000000000
0.163000002503
0.000000000000
0.098999999464
0.004999999888
0.100000001490
0.001000000047
0.109999999404
0.000000000000
0.107000000775
0.006000000052
0.101000003517
0.000000000000
0.097999997437
0.002000000095
0.104999996722
0.010999999940
0.090999998152
0.007000000216
0.101000003517
0.000000000000
0.200000002980
0.000000000000
0.101000003517
0.004000000190
0.098999999464
0.000000000000
0.159999996424
0.001000000047
0.101999998093
0.001000000047
0.096000000834
0.001000000047
0.103000000119
0.001000000047
0.105999998748
0.001000000047
0.101999998093
0.001000000047
0.101999998093
0.000000000000
0.115999996662
0.004000000190
0.104000002146
0.004000000190
0.101000003517
0.001000000047
0.201000005007
0.001000000047
0.109999999404
0.000000000000
0.107000000775
0.000000000000
0.104000002146
0.013000000268
0.090999998152
0.000000000000
0.112000003457
0.000000000000
0.100000001490
0.000000000000
0.059000000358
0.000000000000
0.101999998093
0.006000000052
0.092000000179
0.001000000047
0.097999997437
0.001000000047
0.103000000119
0.001000000047
0.101999998093
0.001000000047
0.210999995470
0.003000000026
0.098999999464
0.010999999940
0.096000000834
0.001000000047
0.202000007033
0.004999999888
0.104999996722
0.001000000047
0.097000002861
0.002000000095
0.101999998093
0.000000000000
0.101000003517
0.000000000000
0.107000000775
0.004000000190
0.259999990463
0.000000000000
0.094999998808
0.000000000000
0.107000000775
0.001000000047
0.094999998808
0.000000000000
0.107000000775
0.006000000052
0.103000000119
0.003000000026
0.093999996781
0.001000000047
0.105999998748
0.004999999888
0.094999998808
0.000000000000
0.101999998093
0.000000000000
0.105999998748
0.003000000026
0.185000002384
0.001000000047
0.101999998093
0.001000000047
0.105999998748
0.000000000000
0.104999996722
0.006000000052
0.093000002205
0.000000000000
0.108999997377
0.000000000000
0.200000002980
0.000000000000
0.104000002146
0.002000000095
0.101999998093
0.000000000000
0.101000003517
0.000000000000
0.097000002861
0.003000000026
0.104000002146
0.000000000000
0.103000000119
0.001000000047
0.101000003517
0.002000000095
0.103000000119
0.001000000047
0.101999998093
0.001000000047
0.101999998093
0.007000000216
0.094999998808
0.002000000095
0.199000000954
0.001000000047
0.206000000238
0.001000000047
0.156000003219
0.000000000000
0.100000001490
0.006000000052
0.101000003517
0.001000000047
0.098999999464
0.004000000190
0.097999997437
0.001000000047
0.109999999404
0.000000000000
0.202000007033
0.006000000052
0.092000000179
0.001000000047
0.105999998748
0.004999999888
0.104999996722
0.001000000047
0.194999992847
0.001000000047
0.104000002146
0.002000000095
0.190999999642
0.001000000047
0.107000000775
0.001000000047
0.101000003517
0.000000000000
0.101000003517
0.001000000047
0.104999996722
0.004000000190
0.101999998093
0.002000000095
0.195999994874
0.008999999613
0.104000002146
0.001000000047
0.195999994874
0.000000000000
0.111000001431
0.001000000047
0.291999995708
0.000000000000
0.138999998569
0.001000000047
0.098999999464
0.000000000000
0.135000005364
0.000000000000
0.130999997258
0.000000000000
0.691999971867
0.000000000000
0.137999996543
0.000000000000
0.162000000477
0.002000000095
0.199000000954
0.001000000047
0.225999996066
0.000000000000
0.135000005364
0.000000000000
0.159999996424
0.000000000000
0.252000004053
0.000000000000
0.104999996722
0.002000000095
0.165000006557
0.001000000047
0.101999998093
0.001000000047
0.104000002146
0.000000000000
0.112000003457
0.001000000047
0.097000002861
0.001000000047
0.112000003457
0.001000000047
0.103000000119
0.002000000095
0.098999999464
0.006000000052
0.096000000834
0.002000000095
0.177000001073
0.001000000047
0.108000002801
0.002000000095
0.096000000834
0.001000000047
0.101999998093
0.000000000000
0.097999997437
0.002000000095
0.100000001490
0.001000000047
0.101999998093
0.000000000000
0.108000002801
0.000000000000
0.097000002861
0.000000000000
0.107000000775
0.001000000047
0.116999998689
0.000000000000
0.104000002146
0.000000000000
0.100000001490
0.002000000095
0.094999998808
0.002000000095
0.098999999464
0.003000000026
0.108000002801
0.001000000047
0.098999999464
0.004000000190
0.101000003517
0.000000000000
0.103000000119
0.001000000047
0.104000002146
0.004000000190
0.097999997437
0.000000000000
0.219999998808
0.002000000095
0.180999994278
0.002000000095
0.100000001490
0.000000000000
0.104999996722
0.001000000047
0.103000000119
0.001000000047
0.112999998033
0.000000000000
0.202999994159
0.000000000000
0.476000010967
0.000000000000
0.172000005841
0.000000000000
1.929999947548
0.000000000000
0.312999993563
0.001000000047
0.115999996662
0.000000000000
0.170000001788
0.000000000000
0.105999998748
0.000000000000
0.103000000119
0.001000000047
0.153999999166
0.000000000000
0.203999996185
0.001000000047
0.103000000119
0.004000000190
0.130999997258
0.002000000095
0.100000001490
0.001000000047
0.202999994159
0.004999999888
0.097999997437
0.000000000000
0.105999998748
0.008000000380
0.097000002861
0.001000000047
0.155000001192
0.000000000000
0.101999998093
0.001000000047
0.101000003517
0.002000000095
0.098999999464
0.001000000047
0.105999998748
0.001000000047
0.096000000834
0.002000000095
0.103000000119
0.004999999888
0.103000000119
0.002000000095
0.097999997437
0.001000000047
0.105999998748
0.004000000190
0.094999998808
0.006000000052
0.097000002861
0.000000000000
0.101000003517
0.000000000000
0.101999998093
0.004000000190
0.097999997437
0.002000000095
0.098999999464
0.001000000047
0.202000007033
0.000000000000
0.101999998093
0.002000000095
0.104000002146
0.004000000190
0.118000000715
0.001000000047
0.204999998212
0.003000000026
0.194999992847
0.001000000047
0.101000003517
0.004999999888
0.097000002861
0.004000000190
0.101000003517
0.001000000047
0.097000002861
0.002000000095
0.098999999464
0.000000000000
0.101999998093
0.001000000047
0.097999997437
0.000000000000
0.112000003457
0.001000000047
0.104000002146
0.002000000095
0.195999994874
0.003000000026
0.101000003517
0.004000000190
0.094999998808
0.000000000000
0.108999997377
0.000000000000
0.165999993682
0.001000000047
0.101999998093
0.004000000190
0.098999999464
0.001000000047
0.098999999464
0.001000000047
0.100000001490
0.001000000047
0.101999998093
0.001000000047
0.096000000834
0.000000000000
0.103000000119
0.000000000000
0.101999998093
0.000000000000
0.100000001490
0.000000000000
0.128000006080
0.001000000047
0.200000002980
0.000000000000
0.109999999404
0.003000000026
0.097999997437
0.000000000000
0.105999998748
0.001000000047
0.115000002086
0.007000000216
0.093999996781
0.003000000026
0.101000003517
0.000000000000
0.123999997973
0.000000000000
0.104000002146
0.000000000000
0.193000003695
0.001000000047
0.101999998093
0.000000000000
0.104000002146
0.001000000047
0.097000002861
0.000000000000
0.097999997437
0.000000000000
0.101000003517
0.001000000047
0.098999999464
0.000000000000
0.097999997437
0.003000000026
0.097000002861
0.000000000000
0.100000001490
0.000000000000
0.101999998093
0.002000000095
0.097000002861
0.000000000000
0.100000001490
0.000000000000
0.104000002146
0.001000000047
0.174999997020
0.001000000047
0.103000000119
0.004999999888
0.093999996781
0.000000000000
0.224000006914
0.001000000047
0.101000003517
0.000000000000
0.100000001490
0.001000000047
0.150999993086
0.001000000047
0.100000001490
0.001000000047
0.100000001490
0.001000000047
0.097000002861
0.001000000047
0.098999999464
0.001000000047
0.112999998033
0.001000000047
0.360000014305
0.000000000000
0.384000003338
0.000000000000
0.105999998748
0.000000000000
0.111000001431
0.000000000000
0.119000002742
0.000000000000
0.107000000775
0.000000000000
0.119999997318
0.000000000000
0.123000003397
0.000000000000
0.111000001431
0.000000000000
0.337000012398
0.000000000000
0.216999992728
0.000000000000
0.103000000119
0.001000000047
0.122000001371
0.001000000047
0.101999998093
0.002000000095
0.101000003517
0.001000000047
0.097999997437
0.000000000000
0.109999999404
0.002000000095
0.100000001490
0.000000000000
0.097999997437
0.001000000047
0.103000000119
0.000000000000
0.100000001490
0.002000000095
0.112000003457
0.000000000000
0.104999996722
0.000000000000
0.103000000119
0.001000000047
0.104999996722
0.000000000000
0.097999997437
0.001000000047
0.101999998093
0.000000000000
0.101000003517
0.003000000026
0.097999997437
0.001000000047
0.148000001907
0.001000000047
0.097000002861
0.001000000047
0.101000003517
0.001000000047
0.103000000119
0.001000000047
0.103000000119
0.004000000190
0.097000002861
0.001000000047
0.097999997437
0.001000000047
0.100000001490
0.001000000047
0.105999998748
0.001000000047
0.101000003517
0.000000000000
0.105999998748
0.001000000047
0.100000001490
0.002000000095
0.105999998748
0.001000000047
0.096000000834
0.000000000000
0.105999998748
0.001000000047
0.100000001490
0.002000000095
0.131999999285
0.002000000095
0.094999998808
0.000000000000
0.101000003517
0.001000000047
0.105999998748
0.001000000047
0.097000002861
0.001000000047
0.101000003517
0.001000000047
0.101999998093
0.001000000047
0.101999998093
0.000000000000
0.103000000119
0.131999999285
0.000000000000
0.104999996722
0.004000000190
0.098999999464
0.000000000000
0.097000002861
0.000000000000
0.103000000119
0.000000000000
0.156000003219
0.000000000000
0.101000003517
0.000000000000
0.231000006199
0.000000000000
0.123999997973
0.000000000000
0.192000001669
0.000000000000
0.103000000119
0.000000000000
0.284999996424
0.000000000000
0.284999996424
0.000000000000
0.272000014782
0.000000000000
0.219999998808
0.000000000000
0.298999994993
0.000000000000
0.342999994755
0.000000000000
1.019000053406
0.001000000047
0.128999993205
0.000000000000
0.177000001073
0.000000000000
0.143999993801
0.000000000000
0.898999989033
0.000000000000
0.221000000834
0.000000000000
0.100000001490
0.000000000000
0.144999995828
0.000000000000
0.100000001490
0.001000000047
0.123999997973
0.000000000000
0.140000000596
0.001000000047
0.116999998689
0.000000000000
0.138999998569
0.000000000000
0.153999999166
0.000000000000
0.112999998033
0.000000000000
0.185000002384
0.000000000000
0.100000001490
0.000000000000
0.152999997139
0.002000000095
0.100000001490
0.001000000047
0.097999997437
0.001000000047
0.098999999464
0.000000000000
0.098999999464
0.000000000000
0.187000006437
0.000000000000
0.101999998093
0.002000000095
0.108999997377
0.000000000000
0.145999997854
0.001000000047
0.098999999464
0.000000000000
0.101999998093
0.002000000095
0.098999999464
0.000000000000
0.101999998093
0.001000000047
0.101000003517
0.000000000000
0.105999998748
0.001000000047
0.097000002861
0.001000000047
0.100000001490
0.000000000000
0.123999997973
0.000000000000
0.109999999404
0.004000000190
0.100000001490
0.001000000047
0.100000001490
0.000000000000
0.096000000834
0.000000000000
0.104999996722
0.000000000000
0.270999997854
0.000000000000
0.119000002742
0.001000000047
0.101000003517
0.000000000000
0.119000002742
0.002000000095
0.105999998748
0.002000000095
0.097000002861
0.002000000095
0.096000000834
0.002000000095
0.104999996722
0.000000000000
0.097999997437
0.001000000047
0.100000001490
0.000000000000
0.098999999464
0.001000000047
0.104999996722
0.000000000000
0.103000000119
0.003000000026
0.098999999464
0.000000000000
0.104999996722
0.001000000047
0.103000000119
0.000000000000
0.098999999464
0.002000000095
0.103000000119
0.000000000000
0.202000007033
0.000000000000
0.108999997377
0.007000000216
0.093000002205
0.000000000000
0.163000002503
0.001000000047
0.097000002861
0.001000000047
0.104999996722
0.000000000000
0.109999999404
0.003000000026
0.097000002861
0.001000000047
0.104999996722
0.001000000047
0.123000003397
0.000000000000
0.104999996722
0.001000000047
0.196999996901
0.004999999888
0.108999997377
0.000000000000
0.101000003517
0.001000000047
0.097000002861
0.004000000190
0.105999998748
0.006000000052
0.096000000834
0.001000000047
0.202999994159
0.004000000190
0.104999996722
0.000000000000
0.204999998212
0.004000000190
0.092000000179
0.006000000052
0.093999996781
0.000000000000
0.098999999464
0.004000000190
0.182999998331
0.000000000000
0.114000000060
0.001000000047
0.103000000119
0.001000000047
0.103000000119
0.004000000190
0.130999997258
0.008999999613
0.089000001550
0.000000000000
0.112000003457
0.000000000000
0.112999998033
0.001000000047
0.197999998927
0.000000000000
0.108999997377
0.001000000047
0.101999998093
0.000000000000
0.112999998033
0.003000000026
0.108000002801
0.000000000000
0.208000004292
0.000000000000
0.097000002861
0.001000000047
0.100000001490
0.003000000026
0.097000002861
0.003000000026
0.097000002861
0.000000000000
0.103000000119
0.001000000047
0.105999998748
0.000000000000
0.111000001431
0.000000000000
0.120999999344
0.000000000000
0.146999999881
0.009999999776
0.092000000179
0.003000000026
0.100000001490
0.001000000047
0.105999998748
0.004999999888
0.100000001490
0.000000000000
0.100000001490
0.001000000047
0.100000001490
0.001000000047
0.107000000775
0.002000000095
0.097999997437
0.000000000000
0.101999998093
0.003000000026
0.101999998093
0.001000000047
0.108999997377
0.001000000047
0.101999998093
0.001000000047
0.100000001490
0.004000000190
0.097999997437
0.001000000047
0.109999999404
0.004999999888
0.094999998808
0.004000000190
0.105999998748
0.001000000047
0.101999998093
0.001000000047
0.105999998748
0.013000000268
0.079999998212
0.000000000000
0.101999998093
0.001000000047
0.103000000119
0.000000000000
0.119999997318
0.000000000000
0.197999998927
0.002000000095
0.097999997437
0.000000000000
0.103000000119
0.002000000095
0.105999998748
0.004999999888
0.103000000119
0.000000000000
0.100000001490
0.001000000047
0.210999995470
0.001000000047
0.112999998033
0.000000000000
0.104000002146
0.003000000026
0.193000003695
0.001000000047
0.103000000119
0.001000000047
0.098999999464
0.002000000095
0.098999999464
0.006000000052
0.093000002205
0.000000000000
0.103000000119
0.002000000095
0.101999998093
0.002000000095
0.096000000834
0.002000000095
0.112999998033
0.000000000000
0.104999996722
0.001000000047
0.203999996185
0.000000000000
0.104999996722
0.002000000095
0.104000002146
0.003000000026
0.098999999464
0.001000000047
0.100000001490
0.002000000095
0.101999998093
0.002000000095
0.105999998748
0.001000000047
0.101000003517
0.001000000047
0.101999998093
0.002000000095
0.115000002086
0.001000000047
0.196999996901
0.000000000000
0.109999999404
0.008999999613
0.086000002921
0.004999999888
0.104999996722
0.006000000052
0.101999998093
0.000000000000
0.196999996901
0.000000000000
0.104999996722
0.001000000047
0.100000001490
0.001000000047
0.179000005126
0.001000000047
0.201000005007
0.000000000000
0.123999997973
0.001000000047
0.193000003695
0.002000000095
0.101000003517
0.002000000095
0.096000000834
0.001000000047
0.104999996722
0.001000000047
0.097999997437
0.001000000047
0.201000005007
0.000000000000
0.105999998748
0.001000000047
0.104999996722
0.000000000000
0.201000005007
0.002000000095
0.104999996722
0.000000000000
0.097999997437
0.101999998093
0.002000000095
0.101999998093
0.000000000000
0.105999998748
0.001000000047
0.108999997377
0.004999999888
0.087999999523
0.001000000047
0.197999998927
0.002000000095
0.101999998093
0.000000000000
0.104999996722
0.000000000000
0.104999996722
0.003000000026
0.097999997437
0.004999999888
0.100000001490
0.000000000000
0.104000002146
0.000000000000
0.108000002801
0.004999999888
0.209000006318
0.004000000190
0.093000002205
0.000000000000
0.199000000954
0.001000000047
0.103000000119
0.003000000026
0.098999999464
0.001000000047
0.104000002146
0.004999999888
0.100000001490
0.001000000047
0.201000005007
0.000000000000
0.104000002146
0.000000000000
0.141000002623
0.003000000026
0.101999998093
0.001000000047
0.101999998093
0.001000000047
0.194000005722
0.002000000095
0.103000000119
0.001000000047
0.104999996722
0.001000000047
0.103000000119
0.001000000047
0.104999996722
0.002000000095
0.096000000834
0.002000000095
0.123999997973
0.003000000026
0.184000000358
0.008000000380
0.097000002861
0.001000000047
0.108999997377
0.000000000000
0.107000000775
0.002000000095
0.107000000775
0.001000000047
0.100000001490
0.001000000047
0.101999998093
0.003000000026
0.097999997437
0.002000000095
0.107000000775
0.000000000000
0.108999997377
0.000000000000
0.098999999464
0.002000000095
0.100000001490
0.003000000026
0.097999997437
0.000000000000
0.105999998748
0.001000000047
0.101000003517
0.000000000000
0.101000003517
0.003000000026
0.108999997377
0.004999999888
0.089000001550
0.003000000026
0.115999996662
0.000000000000
0.089000001550
0.002000000095
0.107000000775
0.003000000026
0.104999996722
0.001000000047
0.098999999464
0.000000000000
0.103000000119
0.001000000047
0.108000002801
0.001000000047
0.203999996185
0.004000000190
0.100000001490
0.000000000000
0.101000003517
0.001000000047
0.096000000834
0.001000000047
0.158000007272
0.003000000026
0.105999998748
0.006000000052
0.094999998808
0.003000000026
0.104999996722
0.003000000026
0.108000002801
0.004000000190
0.098999999464
0.004000000190
0.101000003517
0.003000000026
0.097000002861
0.000000000000
0.104999996722
0.006000000052
0.097999997437
0.002000000095
0.104000002146
0.000000000000
0.100000001490
0.014000000432
0.089000001550
0.001000000047
0.100000001490
0.001000000047
0.105999998748
0.000000000000
0.098999999464
0.000000000000
0.138999998569
0.000000000000
0.226999998093
0.000000000000
0.108999997377
0.002000000095
0.097999997437
0.000000000000
0.184000000358
0.000000000000
0.105999998748
0.001000000047
0.104000002146
0.000000000000
1.435999989510
0.003000000026
0.101999998093
0.000000000000
0.094999998808
0.004999999888
0.107000000775
0.002000000095
0.104999996722
0.000000000000
0.101999998093
0.000000000000
0.111000001431
0.001000000047
0.105999998748
0.001000000047
0.101999998093
0.001000000047
0.098999999464
0.000000000000
0.100000001490
0.002000000095
0.101000003517
0.003000000026
0.115000002086
0.000000000000
0.101999998093
0.002000000095
0.096000000834
0.001000000047
0.108999997377
0.001000000047
0.197999998927
0.003000000026
0.098999999464
0.000000000000
0.101999998093
0.002000000095
0.185000002384
0.000000000000
0.108999997377
0.010999999940
0.097999997437
0.000000000000
0.097000002861
0.001000000047
0.104000002146
0.003000000026
0.108000002801
0.001000000047
0.097999997437
0.000000000000
0.107000000775
0.000000000000
0.104000002146
0.000000000000
0.108000002801
0.001000000047
0.100000001490
0.000000000000
0.100000001490
0.004000000190
0.097999997437
0.000000000000
0.112999998033
0.004999999888
0.097000002861
0.002000000095
0.098999999464
0.001000000047
0.103000000119
0.000000000000
0.101999998093
0.004999999888
0.107000000775
0.001000000047
0.115000002086
0.000000000000
2.275000095367
0.000000000000
0.101999998093
0.000000000000
0.101000003517
0.002000000095
0.180999994278
0.000000000000
0.098999999464
0.000000000000
0.197999998927
0.001000000047
0.104999996722
0.000000000000
0.097999997437
0.000000000000
0.104999996722
0.735000014305
0.003000000026
0.098999999464
0.004999999888
0.100000001490
0.003000000026
0.098999999464
0.001000000047
0.097000002861
0.101999998093
0.002000000095
0.097000002861
0.000000000000
0.104999996722
0.003000000026
0.105999998748
0.003000000026
0.096000000834
0.001000000047
0.104999996722
0.002000000095
0.098999999464
0.000000000000
0.202000007033
0.000000000000
0.163000002503
0.002000000095
0.096000000834
0.000000000000
0.108000002801
0.002000000095
0.093999996781
0.008999999613
0.096000000834
0.001000000047
0.100000001490
0.002000000095
0.101000003517
0.000000000000
0.103000000119
0.001000000047
0.097999997437
0.000000000000
0.108000002801
0.000000000000
0.097000002861
0.001000000047
0.200000002980
0.000000000000
0.196999996901
0.001000000047
0.107000000775
0.000000000000
0.098999999464
0.008000000380
0.097000002861
0.000000000000
0.107000000775
0.001000000047
0.152999997139
0.000000000000
0.105999998748
0.009999999776
0.101999998093
0.000000000000
0.104999996722
0.002000000095
0.101000003517
0.000000000000
0.101999998093
0.000000000000
0.103000000119
0.003000000026
0.097000002861
0.001000000047
0.101999998093
0.002000000095
0.101000003517
0.006000000052
0.093000002205
0.001000000047
0.097000002861
0.000000000000
0.101999998093
0.001000000047
0.103000000119
0.001000000047
0.101000003517
0.000000000000
0.108999997377
0.003000000026
0.108000002801
0.003000000026
0.097999997437
0.004999999888
0.120999999344
0.000000000000
0.109999999404
0.004000000190
0.093999996781
0.000000000000
0.129999995232
0.000000000000
0.100000001490
0.000000000000
0.314000010490
0.001000000047
0.156000003219
0.001000000047
0.096000000834
0.001000000047
0.104999996722
0.002000000095
0.101999998093
0.001000000047
0.101000003517
0.001000000047
0.101999998093
0.001000000047
0.104000002146
0.001000000047
0.101999998093
0.001000000047
0.101999998093
0.001000000047
0.103000000119
0.000000000000
0.097000002861
0.000000000000
0.100000001490
0.000000000000
0.101999998093
0.001000000047
0.103000000119
0.000000000000
0.101000003517
0.000000000000
0.108999997377
0.000000000000
0.101000003517
0.000000000000
0.104000002146
0.001000000047
0.115000002086
0.001000000047
0.103000000119
0.001000000047
0.097000002861
0.000000000000
0.105999998748
0.007000000216
0.097999997437
0.001000000047
0.097999997437
0.100000001490
0.004000000190
0.097000002861
0.001000000047
0.103000000119
0.001000000047
0.101000003517
0.000000000000
0.104000002146
0.001000000047
0.101000003517
0.000000000000
0.912999987602
0.002000000095
0.108999997377
0.000000000000
0.097999997437
0.001000000047
0.098999999464
0.000000000000
0.098999999464
0.000000000000
0.145999997854
0.000000000000
0.108999997377
0.000000000000
0.193000003695
0.000000000000
0.119999997318
0.001000000047
0.135000005364
0.000000000000
0.184000000358
0.001000000047
0.131999999285
0.000000000000
0.101000003517
0.000000000000
0.513000011444
0.000000000000
0.104999996722
0.001000000047
0.101000003517
0.000000000000
0.098999999464
0.000000000000
0.108000002801
0.001000000047
0.195999994874
0.000000000000
0.126000002027
0.002000000095
0.100000001490
0.000000000000
0.101000003517
0.001000000047
0.277000010014
0.001000000047
0.197999998927
0.000000000000
0.312000006437
0.000000000000
0.237000003457
0.000000000000
0.104999996722
0.101000003517
0.000000000000
2.319999933243
0.001000000047
0.388000011444
0.000000000000
0.224999994040
0.001000000047
0.100000001490
0.002000000095
0.098999999464
0.000000000000
0.101000003517
0.000000000000
0.165000006557
0.000000000000
0.109999999404
0.001000000047
0.097999997437
0.000000000000
0.328000009060
0.001000000047
0.111000001431
0.000000000000
0.105999998748
0.000000000000
0.096000000834
0.001000000047
0.101000003517
0.000000000000
0.203999996185
0.000000000000
0.305000007153
0.000000000000
0.142000004649
0.001000000047
0.101000003517
0.000000000000
0.097999997437
0.000000000000
0.098999999464
0.001000000047
0.421000003815
0.002000000095
0.097999997437
0.000000000000
0.100000001490
0.006000000052
0.094999998808
0.007000000216
0.096000000834
0.001000000047
0.109999999404
0.002000000095
0.103000000119
0.001000000047
0.100000001490
0.000000000000
0.168999999762
0.004999999888
0.092000000179
0.001000000047
0.101000003517
0.001000000047
0.101999998093
0.000000000000
0.100000001490
0.000000000000
0.097999997437
0.003000000026
0.137999996543
0.001000000047
0.101999998093
0.000000000000
0.097000002861
0.000000000000
0.108000002801
0.000000000000
0.103000000119
0.001000000047
0.107000000775
0.001000000047
0.107000000775
0.002000000095
0.101999998093
0.000000000000
0.098999999464
0.001000000047
0.101999998093
0.000000000000
0.160999998450
0.002000000095
0.108000002801
0.000000000000
0.194999992847
0.001000000047
0.105999998748
0.001000000047
0.097000002861
0.000000000000
0.101000003517
0.000000000000
0.196999996901
0.000000000000
0.104999996722
0.001000000047
0.101000003517
0.000000000000
0.097000002861
0.000000000000
0.107000000775
0.000000000000
0.104999996722
0.000000000000
0.097999997437
0.000000000000
0.157000005245
0.001000000047
0.104000002146
0.004000000190
0.097000002861
0.001000000047
0.104000002146
0.000000000000
0.104000002146
0.002000000095
0.103000000119
0.001000000047
0.093000002205
0.001000000047
0.103000000119
0.001000000047
0.096000000834
0.002000000095
0.097999997437
0.001000000047
0.104000002146
0.001000000047
0.109999999404
0.001000000047
0.094999998808
0.000000000000
0.101000003517
0.001000000047
0.098999999464
0.002000000095
0.098999999464
0.002000000095
0.134000003338
0.000000000000
0.097999997437
0.000000000000
0.421999990940
0.000000000000
0.100000001490
0.002000000095
0.103000000119
0.000000000000
0.098999999464
0.001000000047
0.104999996722
0.002000000095
0.094999998808
0.000000000000
0.101000003517
0.001000000047
0.103000000119
0.000000000000
0.101000003517
0.001000000047
0.103000000119
0.003000000026
0.098999999464
0.007000000216
0.098999999464
0.000000000000
0.112000003457
0.001000000047
0.097000002861
0.000000000000
0.195999994874
0.003000000026
0.200000002980
0.000000000000
0.101000003517
0.001000000047
0.199000000954
0.008000000380
0.093000002205
0.003000000026
0.107000000775
0.002000000095
0.190999999642
0.007000000216
0.101999998093
0.003000000026
0.195999994874
0.010999999940
0.090000003576
0.003000000026
0.104999996722
0.004999999888
0.104000002146
0.001000000047
0.104000002146
0.004000000190
0.114000000060
0.006000000052
0.094999998808
0.004000000190
0.098999999464
0.008000000380
0.092000000179
0.003000000026
0.097000002861
0.002000000095
0.100000001490
0.000000000000
0.107000000775
0.002000000095
0.111000001431
0.012000000104
0.089000001550
0.003000000026
0.112999998033
0.001000000047
0.200000002980
0.000000000000
0.103000000119
0.001000000047
0.108999997377
0.008000000380
0.094999998808
0.002000000095
0.098999999464
0.004000000190
0.105999998748
0.006000000052
0.184000000358
0.001000000047
0.101999998093
0.000000000000
0.107000000775
0.004000000190
0.098999999464
0.000000000000
0.101000003517
0.004999999888
0.098999999464
0.004000000190
0.098999999464
0.001000000047
0.109999999404
0.001000000047
0.097000002861
0.000000000000
0.104000002146
0.000000000000
0.108000002801
0.004000000190
0.097000002861
0.001000000047
0.104000002146
0.001000000047
0.101000003517
0.001000000047
0.157000005245
0.000000000000
0.202000007033
0.002000000095
0.101999998093
0.000000000000
0.101000003517
0.000000000000
0.108000002801
0.004000000190
0.104000002146
0.003000000026
0.100000001490
0.001000000047
0.104000002146
0.001000000047
0.105999998748
0.004000000190
0.098999999464
0.001000000047
0.104000002146
0.002000000095
0.096000000834
0.001000000047
0.104999996722
0.002000000095
0.100000001490
0.000000000000
0.101999998093
0.002000000095
0.098999999464
0.002000000095
0.108000002801
0.001000000047
0.107000000775
0.001000000047
0.090999998152
0.000000000000
0.105999998748
0.004000000190
0.112999998033
0.001000000047
0.101999998093
0.000000000000
0.200000002980
0.000000000000
0.142000004649
0.001000000047
0.101999998093
0.001000000047
0.104999996722
0.000000000000
0.141000002623
0.000000000000
0.104000002146
0.002000000095
0.098999999464
0.000000000000
0.108000002801
0.002000000095
0.093000002205
0.000000000000
0.221000000834
0.001000000047
0.103000000119
0.000000000000
0.180000007153
0.003000000026
0.100000001490
0.001000000047
0.101000003517
0.001000000047
0.100000001490
0.001000000047
0.104999996722
0.010999999940
0.097000002861
0.003000000026
0.098999999464
0.002000000095
0.199000000954
0.000000000000
0.456000000238
0.000000000000
0.101000003517
0.000000000000
0.326999992132
0.000000000000
0.182999998331
0.003000000026
0.194000005722
0.000000000000
0.801999986172
0.001000000047
0.125000000000
0.001000000047
0.237000003457
0.000000000000
0.098999999464
0.000000000000
0.128999993205
0.000000000000
0.101000003517
0.000000000000
0.119000002742
0.000000000000
0.122000001371
0.001000000047
0.175999999046
0.002000000095
0.104000002146
0.097999997437
0.001000000047
0.194999992847
0.000000000000
0.104999996722
0.003000000026
0.097999997437
0.000000000000
0.200000002980
0.000000000000
0.101000003517
0.000000000000
0.098999999464
0.000000000000
0.199000000954
0.002000000095
0.098999999464
0.000000000000
0.112999998033
0.000000000000
0.209999993443
0.001000000047
0.195999994874
0.001000000047
0.101999998093
0.001000000047
0.098999999464
0.000000000000
0.103000000119
0.000000000000
0.103000000119
0.000000000000
0.098999999464
0.000000000000
0.109999999404
0.000000000000
0.104000002146
0.000000000000
0.101999998093
0.000000000000
0.104999996722
0.000000000000
0.103000000119
0.000000000000
0.108000002801
0.000000000000
0.103000000119
0.001000000047
0.104999996722
0.001000000047
0.105999998748
0.001000000047
0.194999992847
0.001000000047
0.104999996722
0.000000000000
0.097000002861
0.000000000000
0.104000002146
0.000000000000
0.202000007033
0.001000000047
0.104000002146
0.000000000000
0.101000003517
0.003000000026
0.103000000119
0.001000000047
0.097999997437
0.000000000000
0.104000002146
0.000000000000
0.103000000119
0.002000000095
0.101000003517
0.000000000000
0.126000002027
0.001000000047
0.104000002146
0.001000000047
0.103000000119
0.000000000000
0.104999996722
0.000000000000
0.100000001490
0.001000000047
0.201000005007
0.001000000047
0.096000000834
0.001000000047
0.103000000119
0.000000000000
0.101999998093
0.001000000047
0.100000001490
0.003000000026
0.097999997437
0.001000000047
0.105999998748
0.001000000047
0.098999999464
0.000000000000
0.103000000119
0.003000000026
0.097999997437
0.000000000000
0.100000001490
0.000000000000
0.103000000119
0.002000000095
0.101999998093
0.000000000000
0.101999998093
0.001000000047
0.097999997437
0.001000000047
0.101999998093
0.001000000047
0.153999999166
0.003000000026
0.101000003517
0.000000000000
0.097999997437
0.000000000000
0.104999996722
0.000000000000
0.097999997437
0.003000000026
0.098999999464
0.000000000000
0.101999998093
0.004000000190
0.098999999464
0.004000000190
0.097999997437
0.000000000000
0.101000003517
0.008999999613
0.101999998093
0.000000000000
0.100000001490
0.000000000000
0.337999999523
0.000000000000
0.101999998093
0.001000000047
0.103000000119
0.000000000000
0.101999998093
0.000000000000
0.101000003517
0.001000000047
0.098999999464
0.000000000000
0.101999998093
0.001000000047
0.097999997437
0.000000000000
0.101000003517
0.000000000000
0.104999996722
0.000000000000
0.101000003517
0.001000000047
0.097000002861
0.001000000047
0.122000001371
0.000000000000
0.101000003517
0.002000000095
0.097000002861
0.000000000000
0.103000000119
0.003000000026
0.098999999464
0.001000000047
0.101999998093
0.000000000000
0.100000001490
0.000000000000
0.105999998748
0.000000000000
0.101999998093
0.000000000000
0.107000000775
0.001000000047
0.103000000119
0.000000000000
0.105999998748
0.002000000095
0.097000002861
0.001000000047
0.101999998093
0.000000000000
0.101999998093
0.001000000047
0.201000005007
0.001000000047
0.100000001490
0.000000000000
0.101999998093
0.000000000000
0.103000000119
0.000000000000
0.101999998093
0.000000000000
0.150999993086
0.000000000000
0.104000002146
0.000000000000
0.104000002146
0.000000000000
0.103000000119
0.000000000000
0.101000003517
0.000000000000
0.101999998093
0.000000000000
0.101000003517
0.003000000026
0.097999997437
0.000000000000
0.104000002146
0.000000000000
0.101999998093
0.000000000000
0.101000003517
0.000000000000
0.101000003517
0.000000000000
0.105999998748
0.001000000047
0.100000001490
0.000000000000
0.103000000119
0.000000000000
0.202000007033
0.001000000047
0.098999999464
0.001000000047
0.098999999464
0.002000000095
0.101000003517
0.001000000047
0.098999999464
0.000000000000
0.104999996722
0.001000000047
0.111000001431
0.000000000000
0.101999998093
0.000000000000
0.193000003695
0.000000000000
0.097000002861
0.000000000000
0.104999996722
0.000000000000
0.103000000119
0.000000000000
0.105999998748
0.001000000047
0.101999998093
0.001000000047
0.097000002861
0.000000000000
0.103000000119
0.003000000026
0.097999997437
0.000000000000
0.104999996722
0.000000000000
0.097999997437
0.003000000026
0.097999997437
0.004000000190
0.098999999464
0.002000000095
0.098999999464
0.000000000000
0.107000000775
0.001000000047
0.104000002146
0.003000000026
0.098999999464
0.000000000000
0.104999996722
0.001000000047
0.101000003517
0.001000000047
0.201000005007
0.001000000047
0.103000000119
0.000000000000
0.105999998748
0.000000000000
0.097000002861
0.000000000000
0.127000004053
0.001000000047
0.201000005007
0.001000000047
0.206000000238
0.001000000047
0.196999996901
0.000000000000
0.100000001490
0.000000000000
0.104999996722
0.000000000000
0.103000000119
0.001000000047
0.109999999404
0.001000000047
0.104999996722
0.000000000000
0.202000007033
0.001000000047
0.200000002980
0.000000000000
0.104000002146
0.000000000000
0.098999999464
0.001000000047
0.100000001490
0.000000000000
0.097999997437
0.001000000047
0.101999998093
0.000000000000
0.101999998093
0.001000000047
0.100000001490
0.000000000000
0.097999997437
0.000000000000
0.101000003517
0.000000000000
0.104000002146
0.000000000000
0.694999992847
0.000000000000
0.101999998093
0.001000000047
0.105999998748
0.002000000095
0.200000002980
0.001000000047
0.101000003517
0.001000000047
0.097999997437
0.001000000047
0.103000000119
0.001000000047
0.097000002861
0.003000000026
0.100000001490
0.001000000047
0.196999996901
0.004000000190
0.097000002861
0.001000000047
0.104999996722
0.000000000000
0.782999992371
0.000000000000
0.104000002146
0.000000000000
0.103000000119
0.000000000000
0.112000003457
0.003000000026
0.097000002861
0.000000000000
0.103000000119
0.000000000000
0.101000003517
0.001000000047
0.101999998093
0.000000000000
0.101999998093
0.007000000216
0.097999997437
0.002000000095
0.101000003517
0.000000000000
0.103000000119
0.000000000000
0.104999996722
0.000000000000
0.104000002146
0.001000000047
0.101999998093
0.001000000047
0.101000003517
0.000000000000
0.101999998093
0.000000000000
0.101999998093
0.001000000047
0.101999998093
0.000000000000
0.168999999762
0.000000000000
0.204999998212
0.001000000047
0.100000001490
0.000000000000
0.157000005245
0.000000000000
0.128000006080
0.000000000000
0.101999998093
0.000000000000
0.101000003517
0.001000000047
0.098999999464
0.000000000000
0.104999996722
0.001000000047
0.101999998093
0.000000000000
0.098999999464
0.001000000047
0.363000005484
0.002000000095
0.107000000775
0.000000000000
0.101000003517
0.000000000000
0.108000002801
0.000000000000
0.112999998033
0.000000000000
0.101999998093
0.000000000000
0.101000003517
0.001000000047
0.135000005364
0.002000000095
0.097999997437
0.000000000000
0.103000000119
0.000000000000
0.104999996722
0.001000000047
0.097000002861
0.001000000047
0.100000001490
0.000000000000
0.105999998748
0.001000000047
0.120999999344
0.001000000047
0.100000001490
0.000000000000
4.000000000000
4.000999927521
4.000000000000
4.000000000000
4.000999927521
