1.839000000000
0.847000000000
0.863000000000
0.896000000000
0.916000000000
0.868000000000
0.878000000000
0.847000000000
0.877000000000
0.920000000000
0.902000000000
0.868000000000
0.857000000000
0.874000000000
1.026000000000
0.938000000000
0.905000000000
0.932000000000
0.886000000000
0.876000000000
0.855000000000
0.973000000000
0.920000000000
0.893000000000
0.952000000000
0.983000000000
1.040000000000
0.913000000000
0.953000000000
0.973000000000
0.919000000000
0.867000000000
0.974000000000
0.893000000000
0.930000000000
0.946000000000
0.860000000000
0.966000000000
0.915000000000
0.887000000000
1.002000000000
0.866000000000
0.962000000000
0.885000000000
0.874000000000
0.906000000000
0.970000000000
0.992000000000
0.997000000000
0.895000000000
0.978000000000
0.959000000000
1.100000000000
0.979000000000
0.981000000000
0.971000000000
0.971000000000
0.959000000000
0.919000000000
0.915000000000
0.982000000000
0.960000000000
0.932000000000
0.953000000000
1.025000000000
1.129000000000
1.106000000000
1.142000000000
0.934000000000
0.969000000000
1.014000000000
1.094000000000
0.987000000000
0.952000000000
1.135000000000
1.039000000000
1.124000000000
1.159000000000
0.994000000000
0.973000000000
0.997000000000
1.068000000000
0.983000000000
0.985000000000
0.990000000000
1.012000000000
1.019000000000
1.023000000000
1.106000000000
1.024000000000
1.027000000000
1.023000000000
1.067000000000
1.028000000000
1.086000000000
1.227000000000
1.104000000000
1.118000000000
1.106000000000
1.024000000000
1.125000000000
1.010000000000
1.123000000000
1.132000000000
1.043000000000
1.142000000000
1.051000000000
1.060000000000
1.077000000000
1.137000000000
1.064000000000
1.119000000000
1.303000000000
1.100000000000
1.108000000000
1.278000000000
1.092000000000
1.091000000000
1.170000000000
1.167000000000
1.110000000000
1.096000000000
1.134000000000
1.127000000000
1.193000000000
1.121000000000
1.191000000000
1.316000000000
1.192000000000
1.211000000000
1.146000000000
1.339000000000
1.329000000000
1.155000000000
1.152000000000
1.219000000000
1.193000000000
1.179000000000
1.123000000000
1.172000000000
1.247000000000
1.173000000000
1.258000000000
1.261000000000
1.316000000000
1.189000000000
1.265000000000
1.271000000000
1.214000000000
1.211000000000
1.223000000000
1.280000000000
1.251000000000
1.334000000000
1.404000000000
1.277000000000
1.229000000000
1.216000000000
1.253000000000
1.284000000000
1.284000000000
1.245000000000
1.274000000000
1.339000000000
1.328000000000
1.268000000000
1.268000000000
1.269000000000
1.270000000000
1.270000000000
1.450000000000
1.325000000000
1.319000000000
1.299000000000
1.302000000000
1.370000000000
1.355000000000
1.307000000000
1.340000000000
1.415000000000
1.387000000000
1.484000000000
1.418000000000
1.305000000000
1.348000000000
1.381000000000
1.344000000000
1.399000000000
1.321000000000
1.321000000000
1.409000000000
1.410000000000
1.412000000000
1.346000000000
1.428000000000
1.545000000000
1.375000000000
1.438000000000
1.338000000000
1.361000000000
1.443000000000
1.368000000000
1.352000000000
1.569000000000
1.402000000000
1.407000000000
1.464000000000
1.424000000000
1.478000000000
1.487000000000
1.515000000000
1.534000000000
1.581000000000
1.471000000000
1.709000000000
1.539000000000
1.730000000000
1.586000000000
1.604000000000
1.673000000000
1.607000000000
1.649000000000
1.660000000000
1.719000000000
1.673000000000
1.722000000000
1.705000000000
1.779000000000
1.717000000000
1.824000000000
1.754000000000
1.805000000000
1.893000000000
1.806000000000
1.812000000000
1.931000000000
2.025000000000
1.871000000000
1.884000000000
1.917000000000
2.015000000000
1.915000000000
1.930000000000
1.920000000000
2.109000000000
1.990000000000
2.043000000000
2.090000000000
2.012000000000
2.035000000000
2.003000000000
2.115000000000
2.085000000000
2.060000000000
2.117000000000
2.424000000000
2.119000000000
2.256000000000
2.246000000000
2.129000000000
2.156000000000
2.090000000000
2.156000000000
2.151000000000
2.270000000000
2.149000000000
2.180000000000
2.260000000000
2.168000000000
2.250000000000
2.187000000000
2.358000000000
2.411000000000
2.205000000000
2.211000000000
2.172000000000
2.253000000000
2.229000000000
2.214000000000
2.218000000000
2.352000000000
2.256000000000
2.331000000000
2.219000000000
2.322000000000
2.307000000000
2.256000000000
2.232000000000
2.322000000000
2.360000000000
2.454000000000
2.271000000000
2.384000000000
2.259000000000
2.308000000000
2.346000000000
2.311000000000
2.438000000000
2.490000000000
2.459000000000
2.412000000000
2.492000000000
2.380000000000
2.359000000000
2.382000000000
2.385000000000
2.438000000000
2.402000000000
2.405000000000
2.351000000000
2.489000000000
2.353000000000
2.420000000000
2.417000000000
2.385000000000
2.460000000000
2.399000000000
2.415000000000
2.377000000000
2.425000000000
2.359000000000
2.371000000000
2.367000000000
2.471000000000
2.470000000000
2.451000000000
2.431000000000
2.559000000000
2.424000000000
2.477000000000
2.477000000000
2.482000000000
2.561000000000
2.456000000000
2.474000000000
2.633000000000
2.414000000000
2.424000000000
2.414000000000
2.560000000000
2.617000000000
2.518000000000
2.449000000000
2.414000000000
2.469000000000
2.430000000000
2.480000000000
2.631000000000
2.508000000000
2.434000000000
2.538000000000
2.490000000000
2.471000000000
2.392000000000
2.428000000000
2.548000000000
2.462000000000
2.395000000000
2.441000000000
2.484000000000
2.583000000000
2.486000000000
2.497000000000
2.508000000000
2.436000000000
2.441000000000
2.436000000000
2.537000000000
2.615000000000
2.460000000000
2.501000000000
2.404000000000
2.541000000000
2.514000000000
2.502000000000
2.578000000000
2.410000000000
2.462000000000
2.448000000000
2.589000000000
2.501000000000
2.557000000000
2.447000000000
2.527000000000
2.684000000000
2.478000000000
2.416000000000
2.478000000000
2.424000000000
2.432000000000
2.680000000000
2.438000000000
2.488000000000
2.518000000000
2.450000000000
2.526000000000
2.445000000000
2.469000000000
2.513000000000
2.449000000000
2.507000000000
2.452000000000
2.447000000000
2.422000000000
2.656000000000
2.570000000000
2.435000000000
2.463000000000
2.514000000000
2.418000000000
2.498000000000
2.412000000000
2.460000000000
2.447000000000
2.447000000000
2.452000000000
2.506000000000
2.448000000000
2.443000000000
2.646000000000
2.599000000000
2.532000000000
2.513000000000
2.488000000000
2.484000000000
2.524000000000
2.588000000000
2.529000000000
2.435000000000
2.478000000000
2.504000000000
2.539000000000
2.568000000000
2.506000000000
2.428000000000
2.472000000000
2.480000000000
2.550000000000
2.472000000000
2.625000000000
2.542000000000
2.475000000000
2.452000000000
2.450000000000
2.622000000000
2.474000000000
2.443000000000
2.549000000000
2.588000000000
2.522000000000
2.526000000000
2.473000000000
2.434000000000
2.473000000000
2.439000000000
2.499000000000
2.468000000000
2.531000000000
2.488000000000
2.667000000000
2.579000000000
2.701000000000
2.437000000000
2.850000000000
2.561000000000
2.476000000000
2.465000000000
2.503000000000
2.459000000000
2.646000000000
2.545000000000
2.550000000000
2.509000000000
2.457000000000
2.493000000000
2.469000000000
2.488000000000
2.437000000000
2.468000000000
2.450000000000
2.581000000000
2.479000000000
2.532000000000
2.505000000000
2.496000000000
2.489000000000
2.476000000000
2.565000000000
2.771000000000
2.460000000000
2.506000000000
2.645000000000
2.475000000000
2.530000000000
2.529000000000
2.528000000000
2.580000000000
2.429000000000
2.498000000000
2.463000000000
2.468000000000
2.439000000000
2.519000000000
2.448000000000
2.576000000000
2.534000000000
2.453000000000
2.550000000000
2.462000000000
2.745000000000
2.553000000000
2.509000000000
2.582000000000
2.463000000000
2.557000000000
2.469000000000
2.519000000000
2.506000000000
2.508000000000
2.553000000000
2.613000000000
2.502000000000
2.515000000000
2.628000000000
2.602000000000
2.543000000000
2.420000000000
2.551000000000
2.512000000000
2.509000000000
2.536000000000
2.507000000000
2.611000000000
2.487000000000
2.505000000000
2.519000000000
2.454000000000
2.573000000000
2.489000000000
2.482000000000
2.516000000000
2.557000000000
2.666000000000
2.601000000000
2.503000000000
2.538000000000
2.473000000000
2.441000000000
2.487000000000
2.520000000000
2.610000000000
2.573000000000
2.527000000000
2.583000000000
2.556000000000
2.559000000000
2.492000000000
2.511000000000
2.568000000000
2.508000000000
2.741000000000
2.496000000000
2.448000000000
2.583000000000
2.500000000000
2.660000000000
2.518000000000
2.686000000000
2.582000000000
2.501000000000
2.582000000000
2.525000000000
2.487000000000
2.584000000000
2.533000000000
2.489000000000
2.518000000000
2.543000000000
2.579000000000
2.468000000000
2.524000000000
2.496000000000
2.599000000000
2.600000000000
2.504000000000
2.595000000000
2.464000000000
2.511000000000
2.544000000000
2.566000000000
2.601000000000
2.515000000000
2.554000000000
2.539000000000
2.684000000000
2.669000000000
2.535000000000
2.590000000000
2.490000000000
2.670000000000
2.734000000000
2.512000000000
2.534000000000
2.559000000000
2.560000000000
2.641000000000
2.584000000000
2.504000000000
2.534000000000
2.506000000000
2.543000000000
2.609000000000
2.512000000000
2.650000000000
2.597000000000
2.844000000000
2.458000000000
2.626000000000
2.572000000000
2.595000000000
2.631000000000
2.495000000000
2.584000000000
2.597000000000
2.583000000000
2.531000000000
2.533000000000
2.550000000000
2.512000000000
2.465000000000
2.802000000000
2.573000000000
2.510000000000
2.528000000000
2.599000000000
2.545000000000
2.630000000000
2.632000000000
2.595000000000
2.510000000000
2.659000000000
2.475000000000
2.497000000000
2.573000000000
2.615000000000
2.553000000000
2.545000000000
2.696000000000
2.561000000000
2.599000000000
2.566000000000
2.480000000000
2.539000000000
2.711000000000
2.587000000000
2.585000000000
2.610000000000
2.475000000000
2.589000000000
2.543000000000
2.571000000000
2.644000000000
2.579000000000
2.564000000000
2.587000000000
2.529000000000
2.461000000000
2.598000000000
2.694000000000
2.534000000000
2.546000000000
2.602000000000
2.495000000000
2.677000000000
2.602000000000
2.576000000000
2.578000000000
2.639000000000
2.443000000000
2.600000000000
2.550000000000
2.590000000000
2.479000000000
2.549000000000
2.509000000000
2.591000000000
2.545000000000
2.525000000000
2.570000000000
2.597000000000
2.652000000000
2.635000000000
2.443000000000
2.480000000000
2.433000000000
2.602000000000
2.681000000000
2.466000000000
2.671000000000
2.518000000000
2.554000000000
2.517000000000
2.524000000000
2.479000000000
2.752000000000
2.592000000000
2.555000000000
2.685000000000
2.527000000000
2.587000000000
2.541000000000
2.550000000000
2.699000000000
2.552000000000
2.543000000000
2.539000000000
2.518000000000
2.522000000000
2.586000000000
2.485000000000
2.686000000000
2.597000000000
2.588000000000
2.457000000000
2.521000000000
2.595000000000
2.506000000000
2.693000000000
2.639000000000
2.580000000000
2.581000000000
2.504000000000
2.782000000000
2.475000000000
2.489000000000
2.608000000000
2.554000000000
2.559000000000
2.529000000000
2.523000000000
2.672000000000
2.520000000000
2.575000000000
2.552000000000
2.527000000000
2.574000000000
2.491000000000
2.518000000000
2.548000000000
2.582000000000
2.660000000000
2.673000000000
2.526000000000
2.476000000000
2.498000000000
2.485000000000
2.531000000000
2.504000000000
2.525000000000
2.573000000000
2.763000000000
2.572000000000
2.531000000000
2.644000000000
2.614000000000
2.603000000000
2.745000000000
2.612000000000
2.630000000000
2.499000000000
2.570000000000
2.517000000000
2.552000000000
2.528000000000
2.570000000000
2.671000000000
2.509000000000
2.528000000000
2.554000000000
2.568000000000
2.686000000000
2.560000000000
2.537000000000
2.560000000000
2.613000000000
2.683000000000
2.551000000000
2.585000000000
2.667000000000
2.540000000000
2.654000000000
2.527000000000
2.596000000000
2.544000000000
2.494000000000
2.666000000000
2.582000000000
2.626000000000
2.486000000000
2.480000000000
2.598000000000
2.495000000000
2.552000000000
2.605000000000
2.472000000000
2.570000000000
2.474000000000
2.633000000000
2.561000000000
2.501000000000
2.609000000000
2.540000000000
2.614000000000
2.546000000000
2.561000000000
2.624000000000
2.674000000000
2.476000000000
2.634000000000
2.555000000000
2.854000000000
2.577000000000
2.515000000000
2.555000000000
2.529000000000
2.593000000000
2.574000000000
2.480000000000
2.517000000000
2.516000000000
2.703000000000
2.601000000000
2.485000000000
2.726000000000
2.692000000000
2.533000000000
2.522000000000
2.470000000000
2.476000000000
2.550000000000
2.529000000000
2.539000000000
2.551000000000
2.525000000000
2.493000000000
2.517000000000
2.506000000000
2.479000000000
2.522000000000
2.665000000000
2.541000000000
2.492000000000
2.586000000000
2.532000000000
2.544000000000
2.736000000000
2.595000000000
2.567000000000
2.589000000000
2.483000000000
2.550000000000
2.517000000000
2.572000000000
2.554000000000
2.539000000000
2.545000000000
2.488000000000
2.476000000000
2.701000000000
2.520000000000
2.696000000000
2.737000000000
2.614000000000
2.587000000000
2.639000000000
2.530000000000
2.545000000000
2.574000000000
2.533000000000
2.582000000000
2.531000000000
2.605000000000
2.565000000000
2.471000000000
2.537000000000
2.560000000000
2.668000000000
2.509000000000
2.554000000000
2.568000000000
2.509000000000
2.552000000000
2.840000000000
2.719000000000
2.552000000000
2.558000000000
2.503000000000
2.535000000000
2.586000000000
2.498000000000
2.545000000000
2.782000000000
2.553000000000
2.744000000000
2.570000000000
2.520000000000
2.549000000000
2.612000000000
2.591000000000
2.468000000000
2.724000000000
2.538000000000
2.570000000000
2.516000000000
2.514000000000
2.653000000000
2.575000000000
2.606000000000
2.578000000000
2.577000000000
2.540000000000
2.548000000000
2.479000000000
2.533000000000
2.512000000000
2.520000000000
2.537000000000
2.474000000000
2.522000000000
2.576000000000
2.575000000000
2.530000000000
2.485000000000
2.541000000000
2.578000000000
2.819000000000
2.787000000000
2.488000000000
2.480000000000
2.696000000000
2.535000000000
2.494000000000
2.543000000000
2.537000000000
2.641000000000
2.602000000000
2.510000000000
2.526000000000
2.555000000000
2.605000000000
2.519000000000
2.617000000000
2.623000000000
2.553000000000
2.500000000000
2.557000000000
2.507000000000
2.584000000000
2.666000000000
2.504000000000
2.672000000000
2.524000000000
2.499000000000
2.567000000000
2.572000000000
2.726000000000
2.679000000000
2.644000000000
2.569000000000
2.494000000000
2.619000000000
2.485000000000
2.584000000000
2.650000000000
2.501000000000
2.741000000000
2.575000000000
2.599000000000
2.543000000000
2.508000000000
2.534000000000
2.503000000000
2.593000000000
2.590000000000
2.534000000000
2.497000000000
2.513000000000
2.528000000000
2.557000000000
2.590000000000
2.596000000000
2.677000000000
2.647000000000
2.460000000000
2.475000000000
2.510000000000
2.539000000000
2.551000000000
2.457000000000
2.570000000000
2.579000000000
2.708000000000
2.632000000000
2.490000000000
2.565000000000
2.611000000000
2.569000000000
2.516000000000
2.488000000000
2.746000000000
2.539000000000
2.574000000000
2.467000000000
2.549000000000
2.568000000000
2.555000000000
2.552000000000
2.578000000000
2.542000000000
2.514000000000
2.625000000000
2.470000000000
2.625000000000
2.552000000000
2.513000000000
2.637000000000
2.604000000000
2.593000000000
2.601000000000
2.519000000000
2.503000000000
2.540000000000
2.548000000000
2.546000000000
2.796000000000
2.562000000000
2.525000000000
2.492000000000
2.629000000000
2.510000000000
2.559000000000
2.486000000000
2.488000000000
2.519000000000
2.592000000000
2.542000000000
2.450000000000
2.518000000000
2.682000000000
2.537000000000
2.536000000000
2.609000000000
2.652000000000
2.680000000000
2.549000000000
2.624000000000
2.679000000000
2.553000000000
2.581000000000
2.547000000000
2.536000000000
2.540000000000
2.583000000000
2.621000000000
2.547000000000
2.573000000000
2.484000000000
2.494000000000
2.580000000000
2.474000000000
2.499000000000
2.683000000000
2.590000000000
2.511000000000
2.511000000000
2.590000000000
2.506000000000
2.501000000000
2.569000000000
2.567000000000
2.612000000000
2.486000000000
2.502000000000
2.624000000000
2.473000000000
2.560000000000
2.556000000000
2.505000000000
2.547000000000
2.591000000000
2.620000000000
2.585000000000
2.510000000000
2.553000000000
2.478000000000
2.629000000000
2.524000000000
2.653000000000
2.517000000000
2.509000000000
2.584000000000
2.488000000000
2.574000000000
2.574000000000
2.697000000000
2.582000000000
2.579000000000
2.494000000000
2.617000000000
2.554000000000
2.561000000000
2.677000000000
2.508000000000
2.537000000000
2.569000000000
2.569000000000
2.528000000000
2.503000000000
2.495000000000
2.530000000000
2.511000000000
2.535000000000
2.469000000000
2.569000000000
2.510000000000
2.568000000000
2.516000000000
2.460000000000
2.586000000000
2.483000000000
2.499000000000
2.508000000000
2.513000000000
2.692000000000
2.522000000000
2.571000000000
2.542000000000
2.536000000000
2.622000000000
2.588000000000
2.563000000000
2.487000000000
2.551000000000
2.661000000000
2.505000000000
2.687000000000
2.614000000000
2.458000000000
2.509000000000
2.551000000000
2.570000000000
2.712000000000
2.487000000000
2.716000000000
2.521000000000
2.795000000000
2.664000000000
2.671000000000
2.570000000000
2.579000000000
2.591000000000
2.474000000000
2.615000000000
2.528000000000
2.567000000000
2.515000000000
2.526000000000
2.529000000000
2.694000000000
2.558000000000
2.598000000000
2.542000000000
2.594000000000
2.504000000000
2.715000000000
2.593000000000
2.587000000000
2.503000000000
2.499000000000
2.591000000000
2.517000000000
2.584000000000
2.717000000000
2.499000000000
2.543000000000
2.564000000000
2.584000000000
2.504000000000
2.510000000000
2.521000000000
2.550000000000
2.606000000000
2.535000000000
2.499000000000
2.711000000000
2.498000000000
2.498000000000
2.530000000000
2.589000000000
2.601000000000
2.636000000000
2.531000000000
2.676000000000
2.564000000000
2.617000000000
2.615000000000
2.566000000000
2.554000000000
2.593000000000
2.576000000000
2.738000000000
2.493000000000
2.542000000000
2.519000000000
2.612000000000
2.548000000000
2.570000000000
2.642000000000
2.545000000000
2.481000000000
2.708000000000
2.560000000000
2.652000000000
2.615000000000
2.551000000000
2.512000000000
2.514000000000
2.484000000000
2.565000000000
2.614000000000
2.655000000000
2.528000000000
2.555000000000
2.708000000000
2.519000000000
2.596000000000
2.559000000000
2.576000000000
2.509000000000
2.549000000000
2.518000000000
2.491000000000
2.559000000000
2.536000000000
2.575000000000
2.608000000000
2.465000000000
2.477000000000
2.581000000000
2.557000000000
2.516000000000
2.581000000000
2.574000000000
2.515000000000
2.594000000000
2.559000000000
2.525000000000
2.581000000000
2.501000000000
2.473000000000
2.631000000000
2.549000000000
2.531000000000
2.497000000000
2.577000000000
2.527000000000
2.638000000000
2.528000000000
2.451000000000
2.518000000000
2.599000000000
2.489000000000
2.531000000000
2.595000000000
2.497000000000
2.604000000000
2.485000000000
2.694000000000
2.543000000000
2.502000000000
2.508000000000
2.484000000000
2.674000000000
2.525000000000
2.508000000000
2.503000000000
2.577000000000
2.623000000000
2.506000000000
2.503000000000
2.594000000000
2.657000000000
2.474000000000
2.630000000000
2.461000000000
2.488000000000
2.585000000000
2.482000000000
2.444000000000
2.449000000000
2.548000000000
2.469000000000
2.531000000000
2.434000000000
2.549000000000
2.582000000000
2.501000000000
2.454000000000
2.497000000000
2.438000000000
2.514000000000
2.468000000000
2.465000000000
2.471000000000
2.473000000000
2.503000000000
2.470000000000
2.611000000000
2.546000000000
2.451000000000
2.519000000000
2.436000000000
2.448000000000
2.492000000000
2.476000000000
2.462000000000
2.413000000000
2.585000000000
2.579000000000
2.444000000000
2.532000000000
2.496000000000
2.525000000000
2.589000000000
2.497000000000
2.470000000000
2.518000000000
2.443000000000
2.458000000000
2.478000000000
2.553000000000
2.639000000000
2.615000000000
2.483000000000
2.463000000000
2.581000000000
2.429000000000
2.413000000000
2.470000000000
2.491000000000
2.536000000000
2.551000000000
2.466000000000
2.529000000000
2.436000000000
2.566000000000
2.393000000000
2.480000000000
2.454000000000
2.488000000000
2.524000000000
2.608000000000
2.438000000000
2.537000000000
2.439000000000
2.657000000000
2.443000000000
2.575000000000
2.519000000000
2.548000000000
2.461000000000
2.445000000000
2.507000000000
2.429000000000
2.529000000000
2.439000000000
2.667000000000
2.491000000000
2.619000000000
2.464000000000
2.536000000000
2.455000000000
2.512000000000
2.472000000000
2.571000000000
2.428000000000
2.654000000000
2.526000000000
2.437000000000
2.444000000000
2.449000000000
2.407000000000
2.542000000000
2.487000000000
2.615000000000
2.550000000000
2.450000000000
2.486000000000
2.569000000000
2.514000000000
2.553000000000
2.453000000000
2.430000000000
2.609000000000
2.458000000000
2.657000000000
2.475000000000
2.437000000000
2.512000000000
2.459000000000
2.555000000000
2.493000000000
2.557000000000
2.466000000000
2.424000000000
2.534000000000
2.775000000000
2.641000000000
2.426000000000
2.417000000000
2.540000000000
2.433000000000
2.443000000000
2.523000000000
2.463000000000
2.547000000000
2.665000000000
2.614000000000
2.498000000000
2.431000000000
2.541000000000
2.469000000000
2.549000000000
2.445000000000
2.474000000000
2.424000000000
2.457000000000
2.502000000000
2.593000000000
2.475000000000
2.556000000000
2.468000000000
2.449000000000
2.630000000000
2.506000000000
2.530000000000
2.487000000000
2.456000000000
2.550000000000
2.464000000000
2.487000000000
2.407000000000
2.564000000000
2.549000000000
2.476000000000
2.589000000000
2.509000000000
2.418000000000
2.440000000000
2.472000000000
2.469000000000
2.415000000000
2.494000000000
2.397000000000
2.632000000000
2.421000000000
2.474000000000
2.427000000000
2.487000000000
2.438000000000
2.572000000000
2.582000000000
2.451000000000
2.368000000000
2.606000000000
2.523000000000
2.443000000000
2.473000000000
2.506000000000
2.440000000000
2.529000000000
2.432000000000
2.443000000000
2.759000000000
2.505000000000
2.540000000000
2.443000000000
2.552000000000
2.476000000000
2.551000000000
2.528000000000
2.464000000000
2.514000000000
2.526000000000
2.544000000000
2.505000000000
2.546000000000
2.447000000000
2.404000000000
2.547000000000
2.672000000000
2.431000000000
2.633000000000
2.506000000000
2.427000000000
2.449000000000
2.494000000000
2.466000000000
2.413000000000
2.507000000000
2.625000000000
2.479000000000
2.522000000000
2.414000000000
2.426000000000
2.454000000000
2.462000000000
2.549000000000
2.510000000000
2.483000000000
2.614000000000
2.432000000000
2.494000000000
2.507000000000
2.492000000000
2.478000000000
2.509000000000
2.432000000000
2.451000000000
2.471000000000
2.602000000000
2.454000000000
2.613000000000
2.670000000000
2.412000000000
2.573000000000
2.586000000000
2.490000000000
2.507000000000
2.541000000000
2.536000000000
2.436000000000
2.477000000000
2.543000000000
2.633000000000
2.463000000000
2.412000000000
2.507000000000
2.434000000000
2.443000000000
2.550000000000
2.652000000000
2.500000000000
2.466000000000
2.598000000000
2.484000000000
2.581000000000
2.454000000000
2.501000000000
2.497000000000
2.563000000000
2.525000000000
2.453000000000
2.479000000000
2.511000000000
2.492000000000
2.467000000000
2.471000000000
2.579000000000
2.464000000000
2.631000000000
2.456000000000
2.660000000000
2.457000000000
2.497000000000
2.616000000000
2.482000000000
2.593000000000
2.506000000000
2.521000000000
2.476000000000
2.605000000000
2.461000000000
2.484000000000
2.473000000000
2.454000000000
2.446000000000
2.497000000000
2.552000000000
2.447000000000
2.549000000000
2.503000000000
2.474000000000
2.511000000000
2.591000000000
2.472000000000
2.484000000000
2.425000000000
2.471000000000
2.482000000000
2.474000000000
2.447000000000
2.434000000000
2.435000000000
2.432000000000
2.509000000000
2.451000000000
2.438000000000
2.463000000000
2.488000000000
2.489000000000
2.454000000000
2.432000000000
2.496000000000
2.530000000000
2.492000000000
2.501000000000
2.501000000000
2.459000000000
2.555000000000
2.507000000000
2.441000000000
2.430000000000
2.518000000000
2.510000000000
2.430000000000
2.617000000000
2.494000000000
2.455000000000
2.478000000000
2.657000000000
2.467000000000
2.551000000000
2.437000000000
2.470000000000
2.473000000000
2.522000000000
2.508000000000
2.466000000000
2.519000000000
2.436000000000
2.506000000000
2.492000000000
2.486000000000
2.584000000000
2.417000000000
2.513000000000
2.491000000000
2.432000000000
2.467000000000
2.502000000000
2.685000000000
2.417000000000
2.513000000000
2.401000000000
2.502000000000
2.615000000000
2.445000000000
2.426000000000
2.620000000000
2.509000000000
2.465000000000
2.476000000000
2.448000000000
2.395000000000
2.422000000000
2.548000000000
2.461000000000
2.481000000000
2.438000000000
2.428000000000
2.486000000000
2.495000000000
2.538000000000
2.413000000000
2.499000000000
2.508000000000
2.446000000000
2.411000000000
2.429000000000
2.486000000000
2.480000000000
2.438000000000
2.575000000000
2.538000000000
2.486000000000
2.437000000000
2.424000000000
2.482000000000
2.414000000000
2.655000000000
2.423000000000
2.490000000000
2.445000000000
2.653000000000
2.514000000000
2.614000000000
2.491000000000
2.509000000000
2.463000000000
2.575000000000
2.452000000000
2.580000000000
2.396000000000
2.521000000000
2.507000000000
2.485000000000
2.427000000000
2.482000000000
2.391000000000
2.525000000000
2.395000000000
2.529000000000
2.452000000000
2.467000000000
2.486000000000
2.483000000000
2.585000000000
2.467000000000
2.412000000000
2.482000000000
2.583000000000
2.453000000000
2.403000000000
2.514000000000
2.532000000000
2.572000000000
2.454000000000
2.451000000000
2.473000000000
2.509000000000
2.493000000000
2.464000000000
2.592000000000
2.458000000000
2.523000000000
2.524000000000
2.523000000000
2.581000000000
2.418000000000
2.483000000000
2.452000000000
2.502000000000
2.442000000000
2.500000000000
2.564000000000
2.435000000000
2.436000000000
2.449000000000
2.534000000000
2.515000000000
2.436000000000
2.388000000000
2.527000000000
2.564000000000
2.472000000000
2.575000000000
2.536000000000
2.408000000000
2.472000000000
2.420000000000
2.441000000000
2.457000000000
