1.920000000000
0.830000000000
0.816000000000
0.825000000000
0.844000000000
1.025000000000
0.997000000000
0.918000000000
0.958000000000
1.051000000000
0.875000000000
1.017000000000
0.867000000000
0.878000000000
0.898000000000
1.047000000000
0.997000000000
0.898000000000
1.162000000000
0.899000000000
0.895000000000
0.939000000000
0.960000000000
0.973000000000
0.991000000000
0.984000000000
0.925000000000
1.023000000000
0.960000000000
1.073000000000
0.913000000000
1.143000000000
1.108000000000
0.959000000000
0.993000000000
0.971000000000
1.087000000000
1.061000000000
1.096000000000
1.073000000000
1.073000000000
1.004000000000
1.079000000000
1.076000000000
1.077000000000
1.200000000000
1.097000000000
1.100000000000
1.100000000000
1.041000000000
1.243000000000
1.073000000000
1.127000000000
1.265000000000
1.147000000000
1.099000000000
1.169000000000
1.223000000000
1.111000000000
1.268000000000
1.213000000000
1.207000000000
1.247000000000
1.343000000000
1.211000000000
1.142000000000
1.234000000000
1.212000000000
1.242000000000
1.254000000000
1.253000000000
1.373000000000
1.318000000000
1.274000000000
1.278000000000
1.242000000000
1.250000000000
1.282000000000
1.291000000000
1.347000000000
1.333000000000
1.288000000000
1.281000000000
1.272000000000
1.314000000000
1.313000000000
1.387000000000
1.305000000000
1.384000000000
1.524000000000
1.315000000000
1.465000000000
1.427000000000
1.453000000000
1.473000000000
1.496000000000
1.439000000000
1.444000000000
1.412000000000
1.407000000000
1.463000000000
1.496000000000
1.470000000000
1.509000000000
1.794000000000
1.505000000000
1.457000000000
1.468000000000
1.648000000000
1.504000000000
1.549000000000
1.609000000000
1.592000000000
1.563000000000
1.673000000000
1.520000000000
1.654000000000
1.651000000000
1.527000000000
1.636000000000
1.775000000000
1.633000000000
1.624000000000
1.596000000000
1.541000000000
1.597000000000
1.622000000000
1.670000000000
1.647000000000
1.667000000000
1.649000000000
1.635000000000
1.616000000000
1.664000000000
1.664000000000
1.826000000000
1.728000000000
1.644000000000
1.676000000000
1.823000000000
1.729000000000
1.680000000000
1.688000000000
1.758000000000
1.779000000000
1.716000000000
1.729000000000
1.775000000000
1.769000000000
1.781000000000
1.758000000000
1.804000000000
1.836000000000
1.764000000000
1.811000000000
1.738000000000
1.768000000000
1.806000000000
1.778000000000
1.863000000000
1.783000000000
1.845000000000
1.819000000000
1.793000000000
1.814000000000
2.017000000000
1.856000000000
1.938000000000
1.864000000000
1.826000000000
1.822000000000
1.898000000000
1.889000000000
2.052000000000
1.920000000000
1.865000000000
2.047000000000
1.836000000000
1.854000000000
1.858000000000
2.179000000000
1.997000000000
1.956000000000
1.894000000000
1.944000000000
1.961000000000
1.906000000000
2.003000000000
1.975000000000
2.130000000000
1.954000000000
2.122000000000
2.038000000000
1.984000000000
1.946000000000
1.942000000000
2.010000000000
2.067000000000
2.161000000000
2.030000000000
1.959000000000
2.030000000000
2.035000000000
2.001000000000
2.030000000000
2.041000000000
2.082000000000
2.080000000000
2.065000000000
2.158000000000
2.192000000000
2.183000000000
2.179000000000
2.361000000000
2.245000000000
2.203000000000
2.288000000000
2.220000000000
2.277000000000
2.327000000000
2.269000000000
2.343000000000
2.362000000000
2.324000000000
2.504000000000
2.364000000000
2.366000000000
2.382000000000
2.330000000000
2.361000000000
2.358000000000
2.455000000000
2.570000000000
2.362000000000
2.410000000000
2.425000000000
2.524000000000
2.406000000000
2.445000000000
2.500000000000
2.638000000000
2.526000000000
2.583000000000
2.436000000000
2.454000000000
2.448000000000
2.455000000000
2.457000000000
2.487000000000
2.616000000000
2.533000000000
2.417000000000
2.450000000000
2.573000000000
2.476000000000
2.475000000000
2.515000000000
2.465000000000
2.676000000000
2.536000000000
2.501000000000
2.574000000000
2.433000000000
2.540000000000
2.627000000000
2.664000000000
2.619000000000
2.563000000000
2.547000000000
2.547000000000
2.523000000000
2.563000000000
2.672000000000
2.522000000000
2.541000000000
2.519000000000
2.558000000000
2.528000000000
2.682000000000
2.547000000000
2.507000000000
2.498000000000
2.511000000000
2.647000000000
2.687000000000
2.703000000000
2.673000000000
2.535000000000
2.566000000000
2.544000000000
2.561000000000
2.630000000000
2.672000000000
2.657000000000
2.549000000000
2.551000000000
2.650000000000
2.466000000000
2.528000000000
2.519000000000
2.464000000000
2.612000000000
2.543000000000
2.553000000000
2.692000000000
2.653000000000
2.534000000000
2.581000000000
2.601000000000
2.546000000000
2.513000000000
2.605000000000
2.644000000000
2.591000000000
2.514000000000
2.582000000000
2.500000000000
2.508000000000
2.639000000000
2.559000000000
2.556000000000
2.570000000000
2.490000000000
2.473000000000
2.662000000000
2.599000000000
2.554000000000
2.520000000000
2.561000000000
2.519000000000
2.525000000000
2.506000000000
2.670000000000
2.527000000000
2.571000000000
2.503000000000
2.570000000000
2.501000000000
2.538000000000
2.554000000000
2.583000000000
2.553000000000
2.521000000000
2.571000000000
2.522000000000
2.569000000000
2.603000000000
2.646000000000
2.731000000000
2.539000000000
2.503000000000
2.554000000000
2.564000000000
2.590000000000
2.701000000000
2.609000000000
2.552000000000
2.677000000000
2.510000000000
2.596000000000
2.524000000000
2.684000000000
2.567000000000
2.527000000000
2.578000000000
2.531000000000
2.559000000000
2.547000000000
2.743000000000
2.490000000000
2.553000000000
2.528000000000
2.592000000000
2.664000000000
2.471000000000
2.489000000000
2.715000000000
2.585000000000
2.451000000000
2.519000000000
2.478000000000
2.500000000000
2.551000000000
2.572000000000
2.614000000000
2.508000000000
2.513000000000
2.558000000000
2.485000000000
2.607000000000
2.611000000000
2.526000000000
2.543000000000
2.503000000000
2.489000000000
2.573000000000
2.632000000000
2.532000000000
2.512000000000
2.526000000000
2.624000000000
2.594000000000
2.546000000000
2.469000000000
2.596000000000
2.469000000000
2.593000000000
2.575000000000
2.547000000000
2.563000000000
2.554000000000
2.556000000000
2.510000000000
2.694000000000
2.505000000000
2.537000000000
2.510000000000
2.594000000000
2.527000000000
2.571000000000
2.582000000000
2.585000000000
2.588000000000
2.562000000000
2.602000000000
2.478000000000
2.670000000000
2.541000000000
2.552000000000
2.530000000000
2.596000000000
2.513000000000
2.570000000000
2.543000000000
2.582000000000
2.479000000000
2.524000000000
2.555000000000
2.509000000000
2.514000000000
2.538000000000
2.563000000000
2.519000000000
2.565000000000
2.510000000000
2.516000000000
2.537000000000
2.521000000000
2.606000000000
2.523000000000
2.501000000000
2.580000000000
2.548000000000
2.623000000000
2.527000000000
2.757000000000
2.630000000000
2.712000000000
2.481000000000
2.504000000000
2.721000000000
2.777000000000
2.633000000000
2.570000000000
2.547000000000
2.589000000000
2.599000000000
2.555000000000
2.617000000000
2.756000000000
2.545000000000
2.594000000000
2.547000000000
2.685000000000
2.534000000000
2.560000000000
2.529000000000
2.523000000000
2.609000000000
2.576000000000
2.587000000000
2.586000000000
2.497000000000
2.532000000000
2.485000000000
2.623000000000
2.648000000000
2.554000000000
2.497000000000
2.650000000000
2.524000000000
2.538000000000
2.532000000000
2.460000000000
2.525000000000
2.652000000000
2.529000000000
2.580000000000
2.724000000000
2.516000000000
2.487000000000
2.597000000000
2.502000000000
2.499000000000
2.804000000000
2.678000000000
2.514000000000
2.533000000000
2.522000000000
2.493000000000
2.521000000000
2.601000000000
2.485000000000
2.695000000000
2.564000000000
2.528000000000
2.577000000000
2.517000000000
2.573000000000
2.514000000000
2.649000000000
2.580000000000
2.547000000000
2.630000000000
2.506000000000
2.689000000000
2.615000000000
2.508000000000
2.576000000000
2.546000000000
2.557000000000
2.573000000000
2.816000000000
2.473000000000
2.532000000000
2.438000000000
2.607000000000
2.532000000000
2.567000000000
2.553000000000
2.573000000000
2.590000000000
2.686000000000
2.533000000000
2.520000000000
2.488000000000
2.742000000000
2.623000000000
2.600000000000
2.569000000000
2.721000000000
2.603000000000
2.728000000000
2.668000000000
2.645000000000
2.554000000000
2.618000000000
2.712000000000
2.588000000000
2.544000000000
2.668000000000
2.610000000000
2.552000000000
2.557000000000
2.530000000000
2.640000000000
2.741000000000
2.616000000000
2.757000000000
2.623000000000
2.525000000000
2.701000000000
2.821000000000
2.706000000000
2.612000000000
2.729000000000
2.776000000000
2.643000000000
2.593000000000
2.805000000000
2.621000000000
2.691000000000
2.667000000000
2.531000000000
2.595000000000
2.510000000000
2.702000000000
2.616000000000
2.642000000000
2.620000000000
2.597000000000
2.657000000000
2.625000000000
2.671000000000
2.655000000000
2.541000000000
2.649000000000
2.703000000000
2.722000000000
2.846000000000
2.556000000000
2.705000000000
2.643000000000
2.579000000000
2.630000000000
2.552000000000
2.672000000000
2.689000000000
2.609000000000
2.823000000000
2.656000000000
2.612000000000
2.696000000000
2.759000000000
2.539000000000
2.716000000000
2.739000000000
2.774000000000
2.631000000000
2.730000000000
2.653000000000
2.697000000000
2.705000000000
2.602000000000
2.663000000000
2.652000000000
2.692000000000
2.725000000000
2.612000000000
2.538000000000
2.652000000000
2.714000000000
2.741000000000
2.633000000000
2.793000000000
2.559000000000
2.729000000000
2.573000000000
2.532000000000
2.808000000000
2.711000000000
2.804000000000
2.763000000000
2.638000000000
2.602000000000
2.557000000000
2.774000000000
2.758000000000
2.557000000000
2.658000000000
2.621000000000
2.628000000000
2.576000000000
2.693000000000
2.602000000000
2.704000000000
2.764000000000
2.681000000000
2.582000000000
2.739000000000
2.620000000000
2.644000000000
2.569000000000
2.632000000000
2.579000000000
2.588000000000
2.615000000000
2.673000000000
2.593000000000
2.618000000000
2.682000000000
2.883000000000
2.691000000000
2.685000000000
2.546000000000
2.547000000000
2.818000000000
2.600000000000
2.724000000000
2.606000000000
2.556000000000
2.753000000000
2.545000000000
2.609000000000
2.682000000000
2.673000000000
2.559000000000
2.512000000000
2.527000000000
2.698000000000
2.693000000000
2.656000000000
2.604000000000
2.540000000000
2.567000000000
2.542000000000
2.687000000000
2.788000000000
2.572000000000
2.601000000000
2.569000000000
2.611000000000
2.705000000000
2.598000000000
2.644000000000
2.652000000000
2.723000000000
2.771000000000
2.659000000000
2.613000000000
2.656000000000
2.614000000000
2.676000000000
2.596000000000
2.563000000000
2.598000000000
2.686000000000
2.619000000000
2.642000000000
2.791000000000
2.750000000000
2.695000000000
2.530000000000
2.663000000000
2.698000000000
2.687000000000
2.541000000000
2.603000000000
2.804000000000
2.796000000000
2.626000000000
2.631000000000
2.608000000000
2.604000000000
2.617000000000
2.603000000000
2.643000000000
2.563000000000
2.542000000000
2.542000000000
2.555000000000
2.643000000000
2.567000000000
2.611000000000
2.757000000000
2.643000000000
2.620000000000
2.619000000000
2.592000000000
2.644000000000
2.587000000000
2.655000000000
2.570000000000
2.656000000000
2.653000000000
2.683000000000
2.682000000000
2.621000000000
2.658000000000
2.618000000000
2.662000000000
2.624000000000
2.775000000000
2.627000000000
2.620000000000
2.693000000000
2.660000000000
2.583000000000
2.803000000000
2.707000000000
2.618000000000
2.711000000000
2.585000000000
2.623000000000
2.547000000000
2.623000000000
2.697000000000
2.650000000000
2.656000000000
2.608000000000
2.581000000000
2.667000000000
2.505000000000
2.584000000000
2.666000000000
2.606000000000
2.792000000000
2.607000000000
2.526000000000
2.578000000000
2.564000000000
2.603000000000
2.696000000000
2.597000000000
2.826000000000
2.544000000000
2.703000000000
2.684000000000
2.549000000000
2.689000000000
2.741000000000
2.636000000000
2.600000000000
2.866000000000
2.602000000000
2.645000000000
2.544000000000
2.574000000000
2.532000000000
2.720000000000
2.695000000000
2.900000000000
2.809000000000
2.601000000000
2.648000000000
2.668000000000
2.679000000000
2.610000000000
2.594000000000
2.634000000000
2.634000000000
2.632000000000
2.629000000000
2.625000000000
2.687000000000
2.557000000000
2.764000000000
2.592000000000
2.619000000000
2.542000000000
2.601000000000
2.602000000000
2.762000000000
2.538000000000
2.565000000000
2.655000000000
2.616000000000
2.834000000000
2.549000000000
2.574000000000
2.603000000000
2.793000000000
2.540000000000
2.531000000000
2.748000000000
2.576000000000
2.674000000000
2.993000000000
2.642000000000
2.806000000000
2.668000000000
2.664000000000
2.536000000000
2.575000000000
2.562000000000
2.565000000000
2.738000000000
2.687000000000
2.805000000000
2.772000000000
2.646000000000
2.567000000000
2.553000000000
2.613000000000
2.701000000000
2.697000000000
2.587000000000
2.662000000000
2.533000000000
2.627000000000
2.547000000000
2.662000000000
2.774000000000
2.623000000000
2.747000000000
2.758000000000
2.824000000000
2.568000000000
2.580000000000
2.649000000000
2.826000000000
2.667000000000
2.673000000000
2.567000000000
2.524000000000
2.762000000000
2.691000000000
2.639000000000
2.664000000000
2.810000000000
2.732000000000
2.590000000000
2.587000000000
2.660000000000
2.748000000000
2.663000000000
2.728000000000
2.626000000000
2.679000000000
2.559000000000
2.612000000000
2.705000000000
2.638000000000
2.686000000000
2.788000000000
2.545000000000
2.674000000000
2.688000000000
2.553000000000
2.614000000000
2.691000000000
2.679000000000
2.644000000000
2.678000000000
2.757000000000
2.579000000000
2.685000000000
2.573000000000
2.620000000000
2.529000000000
2.498000000000
2.711000000000
2.524000000000
2.608000000000
2.645000000000
2.815000000000
2.802000000000
2.568000000000
2.602000000000
2.732000000000
2.636000000000
2.640000000000
2.676000000000
2.519000000000
2.648000000000
2.585000000000
2.744000000000
2.714000000000
2.669000000000
2.686000000000
2.732000000000
2.639000000000
2.786000000000
2.697000000000
2.695000000000
2.612000000000
2.700000000000
2.540000000000
2.663000000000
2.600000000000
2.636000000000
2.767000000000
2.640000000000
2.701000000000
2.657000000000
2.699000000000
2.658000000000
2.791000000000
2.653000000000
2.623000000000
2.600000000000
2.687000000000
2.584000000000
2.619000000000
2.757000000000
2.694000000000
2.610000000000
2.680000000000
2.647000000000
2.700000000000
2.663000000000
2.752000000000
2.686000000000
2.704000000000
2.628000000000
2.564000000000
2.853000000000
2.683000000000
2.570000000000
2.589000000000
2.645000000000
2.601000000000
2.680000000000
2.584000000000
2.546000000000
2.792000000000
2.774000000000
2.756000000000
2.582000000000
2.695000000000
2.673000000000
2.644000000000
2.638000000000
2.625000000000
2.743000000000
2.525000000000
2.776000000000
2.640000000000
2.563000000000
2.724000000000
2.652000000000
2.657000000000
2.642000000000
2.626000000000
2.616000000000
2.564000000000
2.737000000000
2.589000000000
2.937000000000
2.604000000000
2.560000000000
2.632000000000
2.642000000000
2.596000000000
2.552000000000
2.596000000000
2.630000000000
2.636000000000
2.579000000000
2.665000000000
2.556000000000
2.628000000000
2.542000000000
2.593000000000
2.592000000000
2.570000000000
2.880000000000
2.620000000000
2.591000000000
2.540000000000
2.784000000000
2.638000000000
2.710000000000
2.518000000000
2.525000000000
2.625000000000
2.584000000000
2.574000000000
2.589000000000
2.523000000000
2.560000000000
2.683000000000
2.622000000000
2.706000000000
2.835000000000
2.763000000000
2.694000000000
2.642000000000
2.703000000000
2.482000000000
2.621000000000
2.688000000000
2.580000000000
2.743000000000
2.650000000000
2.568000000000
2.622000000000
2.691000000000
2.596000000000
2.638000000000
2.587000000000
2.598000000000
2.817000000000
2.648000000000
2.560000000000
2.722000000000
2.891000000000
2.585000000000
2.580000000000
2.556000000000
2.554000000000
2.615000000000
2.717000000000
2.564000000000
2.723000000000
2.656000000000
2.724000000000
2.623000000000
2.577000000000
2.744000000000
2.562000000000
2.659000000000
2.623000000000
2.675000000000
2.587000000000
2.529000000000
2.661000000000
2.687000000000
2.592000000000
2.696000000000
2.601000000000
2.772000000000
2.555000000000
2.611000000000
2.671000000000
2.527000000000
2.723000000000
2.601000000000
2.626000000000
2.627000000000
2.736000000000
2.698000000000
2.634000000000
2.656000000000
2.578000000000
2.585000000000
2.635000000000
2.589000000000
2.548000000000
2.588000000000
2.591000000000
2.602000000000
2.595000000000
2.533000000000
2.685000000000
2.678000000000
2.801000000000
2.653000000000
2.623000000000
2.614000000000
2.583000000000
2.906000000000
2.611000000000
2.614000000000
2.677000000000
2.788000000000
2.664000000000
2.623000000000
2.629000000000
2.675000000000
2.573000000000
2.744000000000
2.632000000000
2.609000000000
2.583000000000
2.661000000000
2.696000000000
2.607000000000
2.633000000000
2.554000000000
2.606000000000
2.581000000000
2.723000000000
2.882000000000
2.980000000000
2.625000000000
2.699000000000
2.606000000000
2.667000000000
2.672000000000
2.756000000000
2.573000000000
2.727000000000
2.648000000000
2.716000000000
2.648000000000
2.637000000000
2.619000000000
2.645000000000
2.554000000000
2.643000000000
2.660000000000
2.695000000000
2.600000000000
2.600000000000
2.695000000000
2.623000000000
2.655000000000
2.607000000000
2.596000000000
2.783000000000
2.717000000000
2.762000000000
2.797000000000
2.546000000000
2.614000000000
2.702000000000
2.621000000000
2.584000000000
2.584000000000
2.641000000000
2.618000000000
2.669000000000
2.718000000000
2.596000000000
2.587000000000
2.666000000000
2.687000000000
2.620000000000
2.590000000000
2.561000000000
2.668000000000
2.626000000000
2.679000000000
2.606000000000
2.664000000000
2.763000000000
2.650000000000
2.637000000000
2.568000000000
2.620000000000
2.623000000000
2.621000000000
2.730000000000
2.669000000000
2.584000000000
2.629000000000
2.617000000000
2.687000000000
2.609000000000
2.765000000000
2.663000000000
2.567000000000
2.562000000000
2.567000000000
2.603000000000
2.728000000000
2.690000000000
2.606000000000
2.551000000000
2.588000000000
2.671000000000
2.691000000000
2.599000000000
2.628000000000
2.696000000000
2.657000000000
2.606000000000
2.632000000000
2.686000000000
2.533000000000
2.635000000000
2.680000000000
2.734000000000
2.690000000000
2.547000000000
2.633000000000
2.784000000000
2.566000000000
2.604000000000
2.580000000000
2.665000000000
2.578000000000
2.684000000000
2.704000000000
2.635000000000
2.739000000000
2.654000000000
2.585000000000
2.674000000000
2.580000000000
2.629000000000
2.664000000000
2.656000000000
2.648000000000
2.663000000000
2.634000000000
2.555000000000
2.600000000000
2.574000000000
2.503000000000
2.653000000000
2.716000000000
2.765000000000
2.707000000000
2.588000000000
2.635000000000
2.743000000000
2.642000000000
2.629000000000
2.687000000000
2.647000000000
2.713000000000
2.626000000000
2.759000000000
2.744000000000
2.785000000000
2.618000000000
2.719000000000
2.604000000000
2.812000000000
2.607000000000
2.535000000000
2.550000000000
2.613000000000
2.568000000000
2.737000000000
2.652000000000
2.601000000000
2.554000000000
2.535000000000
2.530000000000
2.525000000000
2.471000000000
2.607000000000
2.516000000000
2.511000000000
2.433000000000
2.627000000000
2.609000000000
2.549000000000
2.544000000000
2.626000000000
2.564000000000
2.500000000000
2.516000000000
2.582000000000
2.501000000000
2.441000000000
2.433000000000
2.495000000000
2.507000000000
2.502000000000
2.555000000000
2.519000000000
2.463000000000
2.406000000000
2.550000000000
2.455000000000
2.457000000000
2.627000000000
2.573000000000
2.560000000000
2.508000000000
2.479000000000
2.532000000000
2.514000000000
2.518000000000
2.541000000000
2.575000000000
2.609000000000
2.489000000000
2.506000000000
2.489000000000
2.524000000000
2.437000000000
2.566000000000
2.636000000000
2.538000000000
2.547000000000
2.541000000000
2.585000000000
2.674000000000
2.518000000000
2.697000000000
2.526000000000
2.514000000000
2.616000000000
2.464000000000
2.495000000000
2.493000000000
2.503000000000
2.486000000000
2.518000000000
2.454000000000
2.627000000000
2.499000000000
2.630000000000
2.598000000000
2.526000000000
2.502000000000
2.552000000000
2.536000000000
2.536000000000
2.474000000000
2.488000000000
2.488000000000
2.446000000000
2.520000000000
2.595000000000
2.461000000000
2.637000000000
2.537000000000
2.470000000000
2.603000000000
2.534000000000
2.532000000000
2.541000000000
2.465000000000
2.479000000000
2.483000000000
2.560000000000
2.566000000000
2.520000000000
2.521000000000
2.458000000000
2.476000000000
2.471000000000
2.658000000000
2.586000000000
2.500000000000
2.491000000000
2.562000000000
2.459000000000
2.534000000000
2.464000000000
2.484000000000
2.473000000000
2.498000000000
2.570000000000
2.546000000000
2.532000000000
2.460000000000
2.460000000000
2.456000000000
2.468000000000
2.510000000000
2.489000000000
2.524000000000
2.537000000000
2.572000000000
2.521000000000
2.451000000000
2.432000000000
2.481000000000
2.506000000000
2.548000000000
2.559000000000
2.463000000000
2.493000000000
2.525000000000
2.567000000000
2.540000000000
2.467000000000
2.479000000000
2.500000000000
2.445000000000
2.559000000000
2.514000000000
2.405000000000
2.435000000000
2.500000000000
2.479000000000
2.532000000000
2.540000000000
2.554000000000
2.503000000000
2.481000000000
2.512000000000
2.466000000000
2.507000000000
2.504000000000
2.522000000000
2.518000000000
2.479000000000
2.612000000000
2.618000000000
2.500000000000
2.515000000000
2.520000000000
2.605000000000
2.605000000000
2.493000000000
2.646000000000
2.485000000000
2.477000000000
2.513000000000
2.542000000000
2.525000000000
2.514000000000
2.543000000000
2.554000000000
2.457000000000
2.525000000000
2.560000000000
2.540000000000
2.657000000000
2.508000000000
2.469000000000
2.651000000000
2.626000000000
2.470000000000
2.437000000000
2.439000000000
2.523000000000
2.547000000000
2.612000000000
2.539000000000
2.547000000000
2.546000000000
2.572000000000
2.565000000000
2.576000000000
2.517000000000
2.626000000000
2.620000000000
2.600000000000
2.443000000000
2.481000000000
2.448000000000
2.506000000000
2.451000000000
2.529000000000
2.625000000000
2.514000000000
2.494000000000
2.468000000000
2.500000000000
2.557000000000
2.596000000000
2.573000000000
2.485000000000
2.415000000000
2.503000000000
2.691000000000
2.638000000000
2.521000000000
2.549000000000
2.543000000000
2.474000000000
2.645000000000
2.421000000000
2.563000000000
2.426000000000
2.514000000000
2.505000000000
2.565000000000
2.436000000000
2.668000000000
2.544000000000
2.569000000000
2.550000000000
2.492000000000
2.516000000000
2.478000000000
2.551000000000
2.487000000000
2.562000000000
2.570000000000
2.472000000000
2.497000000000
2.678000000000
2.453000000000
2.603000000000
2.461000000000
2.455000000000
2.512000000000
2.526000000000
2.417000000000
2.524000000000
2.495000000000
2.557000000000
2.477000000000
2.546000000000
2.643000000000
2.521000000000
2.546000000000
2.522000000000
2.524000000000
2.444000000000
2.459000000000
2.502000000000
2.468000000000
2.529000000000
2.525000000000
2.610000000000
2.456000000000
2.453000000000
2.608000000000
2.478000000000
2.513000000000
2.550000000000
2.440000000000
2.465000000000
2.499000000000
2.446000000000
2.511000000000
2.454000000000
2.595000000000
2.485000000000
2.497000000000
2.564000000000
2.545000000000
2.473000000000
2.435000000000
2.473000000000
2.488000000000
2.578000000000
2.548000000000
2.583000000000
2.574000000000
2.553000000000
2.464000000000
2.457000000000
2.542000000000
2.510000000000
2.520000000000
2.625000000000
2.573000000000
2.601000000000
2.486000000000
2.551000000000
2.525000000000
2.452000000000
2.441000000000
2.429000000000
2.468000000000
2.633000000000
2.721000000000
2.511000000000
2.667000000000
2.514000000000
2.687000000000
2.538000000000
2.504000000000
2.752000000000
2.656000000000
2.516000000000
2.527000000000
2.528000000000
2.461000000000
2.760000000000
2.515000000000
2.622000000000
2.510000000000
2.752000000000
2.545000000000
2.526000000000
2.589000000000
2.440000000000
2.515000000000
2.504000000000
2.481000000000
2.480000000000
2.543000000000
2.531000000000
2.494000000000
2.441000000000
2.434000000000
2.487000000000
2.438000000000
2.484000000000
2.516000000000
2.506000000000
2.450000000000
2.512000000000
2.779000000000
2.411000000000
2.492000000000
2.447000000000
2.757000000000
2.437000000000
2.424000000000
2.397000000000
2.445000000000
2.477000000000
2.474000000000
2.515000000000
2.500000000000
2.497000000000
2.505000000000
2.438000000000
2.709000000000
2.400000000000
2.443000000000
2.528000000000
2.517000000000
2.490000000000
2.482000000000
2.406000000000
2.634000000000
2.489000000000
2.526000000000
2.624000000000
2.534000000000
2.452000000000
2.517000000000
2.580000000000
2.499000000000
2.367000000000
2.473000000000
2.446000000000
2.398000000000
2.455000000000
2.518000000000
2.380000000000
2.458000000000
2.651000000000
2.578000000000
2.419000000000
2.618000000000
2.436000000000
2.537000000000
2.413000000000
2.429000000000
2.473000000000
2.461000000000
2.505000000000
2.466000000000
2.420000000000
2.460000000000
2.532000000000
2.587000000000
2.483000000000
2.473000000000
2.435000000000
2.572000000000
2.479000000000
2.442000000000
2.410000000000
2.405000000000
2.625000000000
2.479000000000
2.560000000000
2.438000000000
2.518000000000
2.424000000000
2.420000000000
2.436000000000
2.426000000000
2.468000000000
2.524000000000
2.461000000000
2.502000000000
2.607000000000
2.526000000000
2.406000000000
2.454000000000
2.488000000000
2.411000000000
2.425000000000
2.481000000000
2.418000000000
2.503000000000
2.530000000000
2.629000000000
2.464000000000
2.434000000000
2.430000000000
2.700000000000
2.589000000000
2.465000000000
2.420000000000
2.486000000000
2.443000000000
2.430000000000
2.451000000000
2.545000000000
2.424000000000
2.417000000000
2.485000000000
2.457000000000
2.586000000000
2.552000000000
2.531000000000
2.409000000000
2.467000000000
2.543000000000
2.586000000000
2.742000000000
2.446000000000
2.559000000000
2.541000000000
2.529000000000
2.495000000000
2.467000000000
2.562000000000
2.469000000000
2.462000000000
2.421000000000
2.526000000000
2.639000000000
2.575000000000
2.414000000000
2.427000000000
2.616000000000
2.502000000000
2.388000000000
2.465000000000
2.413000000000
2.433000000000
2.493000000000
2.464000000000
2.453000000000
2.506000000000
2.441000000000
2.559000000000
2.414000000000
2.416000000000
2.470000000000
2.471000000000
2.487000000000
2.565000000000
2.437000000000
2.544000000000
2.608000000000
2.510000000000
2.484000000000
2.435000000000
2.393000000000
2.622000000000
2.752000000000
2.478000000000
2.610000000000
2.594000000000
2.389000000000
2.468000000000
2.545000000000
2.452000000000
2.507000000000
2.511000000000
2.452000000000
2.439000000000
2.480000000000
2.583000000000
2.495000000000
2.509000000000
2.460000000000
2.549000000000
2.419000000000
2.406000000000
2.413000000000
2.464000000000
2.511000000000
2.424000000000
2.420000000000
2.476000000000
2.470000000000
2.415000000000
2.494000000000
2.533000000000
2.535000000000
2.434000000000
2.468000000000
2.449000000000
2.580000000000
2.605000000000
2.393000000000
2.456000000000
2.448000000000
2.451000000000
2.477000000000
2.431000000000
2.421000000000
2.431000000000
2.431000000000
2.425000000000
2.407000000000
2.538000000000
2.415000000000
2.527000000000
2.475000000000
2.421000000000
2.442000000000
2.418000000000
2.820000000000
2.546000000000
2.481000000000
2.587000000000
2.408000000000
2.386000000000
2.524000000000
2.557000000000
2.440000000000
2.440000000000
2.416000000000
2.507000000000
2.602000000000
2.918000000000
2.486000000000
2.507000000000
2.638000000000
2.421000000000
2.448000000000
2.486000000000
2.517000000000
2.447000000000
2.500000000000
2.422000000000
2.430000000000
2.515000000000
2.588000000000
2.568000000000
2.450000000000
2.482000000000
2.513000000000
2.473000000000
2.576000000000
2.488000000000
2.478000000000
2.437000000000
2.491000000000
2.382000000000
2.465000000000
2.501000000000
2.444000000000
2.443000000000
2.761000000000
2.503000000000
2.458000000000
2.578000000000
2.551000000000
2.494000000000
2.424000000000
2.425000000000
2.543000000000
2.663000000000
2.573000000000
2.392000000000
2.388000000000
2.567000000000
2.501000000000
2.478000000000
2.610000000000
2.499000000000
2.397000000000
2.553000000000
2.450000000000
2.531000000000
2.590000000000
2.499000000000
2.434000000000
2.573000000000
2.490000000000
2.557000000000
2.420000000000
2.442000000000
2.423000000000
2.432000000000
2.603000000000
2.420000000000
2.540000000000
2.414000000000
2.470000000000
2.475000000000
2.419000000000
2.459000000000
2.592000000000
2.662000000000
2.525000000000
2.501000000000
2.703000000000
2.439000000000
2.477000000000
2.437000000000
2.418000000000
2.516000000000
2.425000000000
2.408000000000
2.466000000000
2.422000000000
2.597000000000
2.452000000000
2.479000000000
2.438000000000
2.517000000000
2.720000000000
2.456000000000
2.419000000000
2.435000000000
2.541000000000
2.633000000000
2.549000000000
2.586000000000
2.539000000000
2.366000000000
2.546000000000
2.584000000000
2.490000000000
2.698000000000
2.498000000000
2.566000000000
2.478000000000
2.606000000000
2.601000000000
2.464000000000
2.497000000000
2.465000000000
2.635000000000
2.485000000000
2.443000000000
2.537000000000
2.472000000000
2.525000000000
2.481000000000
2.543000000000
2.488000000000
2.542000000000
2.584000000000
2.606000000000
2.455000000000
2.476000000000
2.434000000000
2.434000000000
2.461000000000
2.478000000000
2.492000000000
2.440000000000
2.605000000000
2.474000000000
2.626000000000
2.463000000000
2.528000000000
2.511000000000
2.462000000000
2.440000000000
2.453000000000
2.584000000000
2.494000000000
2.453000000000
2.433000000000
2.576000000000
2.467000000000
2.518000000000
2.411000000000
2.457000000000
2.424000000000
2.517000000000
2.555000000000
2.459000000000
2.418000000000
2.511000000000
2.541000000000
2.412000000000
2.422000000000
2.438000000000
2.447000000000
2.460000000000
2.422000000000
2.518000000000
2.427000000000
2.433000000000
2.708000000000
2.429000000000
2.559000000000
2.480000000000
2.417000000000
2.596000000000
2.608000000000
2.416000000000
